3240.5 -132.81 455.37 102.91 -0.11007 0.84314 -0.5263 -0.023397 0.52718 0.84943 0.99365 0.10581 -0.038297
3250.5 85.573 479.38 -85.008 0.32309 -0.39354 -0.86066 -0.94318 -0.059378 -0.32692 0.077553 0.91739 -0.39037
3260.5 85.443 479.65 -85.062 0.32143 -0.39317 -0.86145 -0.94387 -0.059933 -0.32482 0.076081 0.91751 -0.39037
3270.5 85.579 479.56 -85.04 0.32321 -0.39351 -0.86063 -0.94325 -0.060698 -0.32648 0.076235 0.91732 -0.39079
3280.5 85.566 479.51 -85.044 0.32299 -0.39343 -0.86075 -0.94329 -0.060074 -0.3265 0.076745 0.91739 -0.39052
3290.5 85.44 479.54 -85.044 0.32176 -0.39314 -0.86135 -0.94373 -0.059646 -0.32531 0.076515 0.91754 -0.3902
3300.5 85.489 479.79 -85.089 0.32248 -0.39314 -0.86108 -0.9436 -0.061398 -0.32536 0.075041 0.91743 -0.39076
3310.5 85.626 479.29 -85.008 0.32297 -0.39362 -0.86067 -0.94316 -0.058635 -0.32711 0.078294 0.9174 -0.39019
3320.5 85.461 479.57 -85.072 0.32283 -0.39278 -0.86111 -0.94342 -0.060647 -0.32602 0.07583 0.91763 -0.39014
3330.5 85.495 479.68 -85.063 0.32245 -0.39324 -0.86104 -0.94353 -0.060482 -0.32572 0.07601 0.91744 -0.39054
3340.5 85.454 479.61 -85.055 0.32214 -0.39314 -0.8612 -0.94362 -0.060085 -0.32554 0.076239 0.91751 -0.39033
3350.5 85.468 479.78 -85.091 0.32225 -0.39326 -0.86111 -0.94365 -0.061056 -0.32526 0.075334 0.9174 -0.39077
3360.5 85.519 479.71 -85.056 0.32334 -0.39336 -0.86065 -0.94321 -0.060726 -0.32661 0.07621 0.91738 -0.39066
3370.5 85.545 479.98 -85.091 0.32412 -0.39339 -0.86035 -0.94303 -0.062133 -0.32686 0.075126 0.91727 -0.39111
3380.5 85.524 479.88 -85.101 0.32318 -0.39356 -0.86062 -0.94331 -0.061261 -0.32621 0.075665 0.91725 -0.39105
3390.5 85.455 479.76 -85.076 0.32349 -0.39323 -0.86065 -0.9432 -0.061275 -0.32653 0.075664 0.91739 -0.39072
3400.5 85.5 479.4 -85.02 0.32341 -0.39344 -0.86059 -0.94301 -0.05871 -0.32755 0.078346 0.91747 -0.39001
3410.5 85.316 479.7 -85.07 0.32235 -0.39284 -0.86126 -0.9435 -0.05952 -0.32598 0.076796 0.91768 -0.38983
3420.5 85.428 479.8 -85.085 0.32348 -0.39319 -0.86067 -0.94312 -0.060206 -0.32696 0.076741 0.91748 -0.3903
3430.5 85.432 479.79 -85.095 0.32348 -0.39329 -0.86063 -0.94311 -0.060158 -0.32699 0.076827 0.91744 -0.39038
3440.5 85.492 479.98 -85.123 0.32449 -0.39339 -0.86021 -0.94282 -0.061324 -0.32761 0.076125 0.91732 -0.3908
3450.5 85.336 479.75 -85.046 0.32228 -0.39327 -0.86109 -0.94345 -0.058714 -0.32629 0.07776 0.91755 -0.38995
3460.5 85.661 479.5 -84.975 0.32515 -0.39422 -0.85958 -0.94224 -0.057724 -0.32994 0.08045 0.9172 -0.39021
3470.5 85.398 479.69 -84.993 0.32344 -0.39385 -0.86039 -0.9429 -0.057699 -0.32804 0.079555 0.91736 -0.39002
3480.5 85.454 479.7 -84.987 0.32343 -0.39445 -0.86012 -0.94281 -0.056879 -0.32844 0.080629 0.91716 -0.39028
3490.5 85.336 479.76 -85.008 0.32348 -0.39428 -0.86018 -0.94277 -0.056529 -0.32863 0.080947 0.91725 -0.39
3500.5 85.375 479.89 -85.03 0.32334 -0.39528 -0.85977 -0.94276 -0.056196 -0.32872 0.08162 0.91684 -0.39083
3510.5 85.231 479.84 -84.933 0.32296 -0.39564 -0.85974 -0.9427 -0.054086 -0.32924 0.083759 0.91681 -0.39044
3520.5 85.334 479.95 -84.999 0.32482 -0.39678 -0.85852 -0.94191 -0.053721 -0.33154 0.085429 0.91634 -0.39118
3530.5 85.099 479.92 -84.867 0.32346 -0.3976 -0.85865 -0.94205 -0.049998 -0.33172 0.088964 0.91619 -0.39073
3540.5 85.028 480.01 -84.878 0.32361 -0.39918 -0.85786 -0.94176 -0.048288 -0.3328 0.09142 0.9156 -0.39156
3550.5 85.068 479.98 -84.75 0.32554 -0.40086 -0.85635 -0.94067 -0.045638 -0.33623 0.095698 0.915 -0.39193
3560.5 84.885 480.65 -84.788 0.32798 -0.40194 -0.85491 -0.93989 -0.047793 -0.33811 0.095041 0.91442 -0.39345
3570.5 84.521 481.31 -84.827 0.32812 -0.40288 -0.85441 -0.93991 -0.048907 -0.33789 0.094344 0.91394 -0.39472
3580.5 84.471 482.27 -84.888 0.3321 -0.4048 -0.85197 -0.93876 -0.053836 -0.34035 0.091908 0.91282 -0.39789
3590.5 84.078 483.34 -84.854 0.33449 -0.40563 -0.85064 -0.93824 -0.05863 -0.34098 0.088439 0.91216 -0.40019
3600.5 83.941 484.44 -84.878 0.33839 -0.40752 -0.84819 -0.93715 -0.064461 -0.34291 0.085066 0.91092 -0.40372
3610.5 83.521 486.01 -84.935 0.34198 -0.40845 -0.8463 -0.93637 -0.072215 -0.34352 0.079193 0.90992 -0.40715
3620.5 83.321 487.24 -84.93 0.34708 -0.40999 -0.84347 -0.9348 -0.078949 -0.34629 0.075386 0.90866 -0.41066
3630.5 82.827 488.7 -84.937 0.35155 -0.41054 -0.84135 -0.93343 -0.084973 -0.34856 0.071605 0.90787 -0.41308
3640.5 83.693 493.88 -85.04 0.37034 -0.41485 -0.83111 -0.92716 -0.11035 -0.35806 0.056826 0.90317 -0.4255
3650.5 82.393 494.05 -85.061 0.36608 -0.41314 -0.83384 -0.92873 -0.10571 -0.35536 0.058669 0.90451 -0.4224
3660.5 82.199 495.74 -85.015 0.3729 -0.41425 -0.83027 -0.92599 -0.10914 -0.36144 0.059113 0.9036 -0.42429
3670.5 81.683 497.35 -85.008 0.37483 -0.41461 -0.82922 -0.9252 -0.11021 -0.36312 0.05916 0.9033 -0.42491
3680.5 80.891 498.35 -84.992 0.37262 -0.41444 -0.8303 -0.92592 -0.10637 -0.36244 0.061894 0.90384 -0.42337
3690.5 81.387 501.93 -84.928 0.3828 -0.41699 -0.82437 -0.922 -0.11628 -0.36931 0.058142 0.90144 -0.42898
3700.5 80.062 501.55 -84.767 0.37089 -0.41597 -0.83031 -0.92637 -0.10273 -0.36234 0.065424 0.90356 -0.42344
3710.5 293.99 562.56 132.37 -0.23312 -0.79222 0.56396 0.74875 -0.51628 -0.41573 0.62051 0.32535 0.71352
3720.5 293.57 565.46 132.27 -0.23554 -0.79013 0.56588 0.74722 -0.51955 -0.41441 0.62144 0.32522 0.71277
3730.5 78.572 508.87 -84.809 0.37649 -0.41225 -0.82964 -0.92434 -0.10718 -0.3662 0.062048 0.90475 -0.42141
3740.5 292.99 571.48 131.58 -0.23788 -0.78597 0.57067 0.74545 -0.52439 -0.41149 0.62267 0.32752 0.71064
3750.5 74.476 519.13 -84.654 0.36205 -0.39747 -0.84317 -0.93159 -0.12274 -0.34216 0.03251 0.90937 -0.41471
3760.5 292.58 578.79 130.78 -0.24237 -0.77952 0.57759 0.74221 -0.53238 -0.40706 0.62481 0.33004 0.7076
3770.5 76.157 520.93 -84.821 0.38785 -0.39992 -0.83044 -0.92036 -0.11902 -0.37253 0.050144 0.90879 -0.41423
3780.5 77.025 528.24 -85.187 0.40975 -0.3983 -0.82064 -0.91158 -0.14566 -0.38446 0.033599 0.90561 -0.42277
3790.5 75.175 528.07 -84.858 0.39468 -0.39452 -0.82981 -0.91783 -0.1275 -0.37594 0.042518 0.91 -0.41242
3800.5 74.531 531.56 -84.89 0.39563 -0.39161 -0.83073 -0.91757 -0.1299 -0.37575 0.039238 0.91091 -0.41073
3810.5 74.255 535.22 -84.926 0.39908 -0.39027 -0.82971 -0.91615 -0.13277 -0.37821 0.037438 0.91108 -0.41053
3820.5 73.834 538.74 -84.914 0.40177 -0.38869 -0.82916 -0.915 -0.13402 -0.38054 0.03679 0.91157 -0.40949
3830.5 73.389 542.43 -84.917 0.40456 -0.38694 -0.82862 -0.91385 -0.13661 -0.38238 0.034759 0.91193 -0.40887
3840.5 74.212 544.56 -84.982 0.41518 -0.38964 -0.82208 -0.90875 -0.13543 -0.39476 0.042474 0.91096 -0.41031
3850.5 69.592 554.7 -84.692 0.3917 -0.37492 -0.84024 -0.92006 -0.1517 -0.36122 0.00797 0.91456 -0.40437
3860.5 69.089 558.78 -84.7 0.39418 -0.37376 -0.8396 -0.91902 -0.15475 -0.36257 0.005584 0.91452 -0.40449
3870.5 73.257 556.24 -85.047 0.42943 -0.38621 -0.81635 -0.9023 -0.14528 -0.4059 0.038167 0.9109 -0.41087
3880.5 71.889 561.58 -84.97 0.42666 -0.38234 -0.81962 -0.90394 -0.15106 -0.40009 0.029154 0.91159 -0.41006
3890.5 72.306 568.29 -85.414 0.44544 -0.37999 -0.81067 -0.89512 -0.17061 -0.41188 0.018202 0.90912 -0.41614
3900.5 71.663 571.48 -85.487 0.44522 -0.37882 -0.81134 -0.89523 -0.1695 -0.41211 0.01859 0.90982 -0.4146
3910.4 71.331 574.87 -85.488 0.4475 -0.37779 -0.81056 -0.89408 -0.16961 -0.41456 0.019137 0.91022 -0.41368
3920.4 70.578 577.64 -85.55 0.44547 -0.37587 -0.81257 -0.89504 -0.16536 -0.4142 0.021322 0.9118 -0.41008
3930.4 71.197 581.51 -85.051 0.44819 -0.38063 -0.80885 -0.89367 -0.1685 -0.4159 0.022008 0.90925 -0.41567
3940.4 73.492 582.28 -85.221 0.46586 -0.38733 -0.79558 -0.88405 -0.16539 -0.43715 0.037738 0.90699 -0.41947
3950.4 73.248 586.35 -85.196 0.46934 -0.38506 -0.79463 -0.88232 -0.16883 -0.43932 0.03501 0.90732 -0.41899
3960.4 72.226 590.79 -85.188 0.46751 -0.3808 -0.79776 -0.88351 -0.17179 -0.43576 0.028889 0.90856 -0.41675
3970.4 69.674 597.09 -85.08 0.4578 -0.3708 -0.80804 -0.88897 -0.17884 -0.42159 0.011814 0.91133 -0.4115
3980.4 67.452 603.63 -84.895 0.44799 -0.3624 -0.81729 -0.89402 -0.18703 -0.40712 -0.005316 0.91306 -0.40778
3990.4 69.735 604.27 -85.199 0.46462 -0.36773 -0.80555 -0.88545 -0.18247 -0.42741 0.010185 0.91186 -0.41038
4000.4 69.579 607.57 -85.231 0.4669 -0.36509 -0.80543 -0.88426 -0.18326 -0.42953 0.009214 0.91276 -0.4084
4010.4 69.335 610.48 -85.274 0.46679 -0.36227 -0.80676 -0.88431 -0.18082 -0.43046 0.010062 0.91436 -0.40477
4020.4 69.383 613.5 -85.093 0.46836 -0.36119 -0.80634 -0.88345 -0.17869 -0.43311 0.012348 0.91521 -0.40278
4030.4 69.375 618.6 -85.59 0.47835 -0.35579 -0.80287 -0.87816 -0.1892 -0.43937 0.004422 0.91522 -0.40294
4040.4 69.409 622.37 -85.592 0.47923 -0.35495 -0.80271 -0.87769 -0.19287 -0.43871 0.000906 0.91477 -0.40397
4050.4 68.351 622.67 -85.691 0.47195 -0.35128 -0.80862 -0.88158 -0.17852 -0.43697 0.009141 0.91909 -0.39394
4060.4 68.888 625.39 -85.225 0.47126 -0.35516 -0.80732 -0.88193 -0.1787 -0.4362 0.010652 0.91756 -0.39744
4070.4 68.79 628.38 -85.259 0.47378 -0.35389 -0.80641 -0.88059 -0.18053 -0.43814 0.009474 0.9177 -0.39717
4080.4 69.181 631.02 -85.364 0.47921 -0.35443 -0.80296 -0.87764 -0.1825 -0.44322 0.01055 0.9171 -0.39851
4090.4 68.876 633.74 -85.301 0.48067 -0.3524 -0.80298 -0.87684 -0.18259 -0.44475 0.010117 0.91787 -0.39676
4100.4 68.386 637.41 -85.324 0.48206 -0.34924 -0.80352 -0.87613 -0.18819 -0.44382 0.003789 0.91794 -0.3967
4110.4 68.772 639.61 -85.423 0.48772 -0.34927 -0.80009 -0.87299 -0.18926 -0.44953 0.005585 0.91771 -0.39721
4120.4 68.495 642.27 -85.324 0.4886 -0.34699 -0.80054 -0.8725 -0.19011 -0.45012 0.004002 0.9184 -0.39564
4130.4 68.487 644.58 -85.323 0.49122 -0.34609 -0.79933 -0.87102 -0.18957 -0.4532 0.005316 0.91885 -0.39457
4140.4 68.549 647.24 -85.334 0.49313 -0.34652 -0.79797 -0.86994 -0.19141 -0.45449 0.004746 0.91831 -0.39584
4150.4 68.629 649.44 -85.319 0.49502 -0.34677 -0.79668 -0.86886 -0.19154 -0.45649 0.005698 0.91818 -0.39612
4160.4 68.665 651.7 -85.317 0.49646 -0.34702 -0.79568 -0.86804 -0.19198 -0.45788 0.006138 0.918 -0.39653
4170.4 68.677 653.89 -85.368 0.49806 -0.34793 -0.79428 -0.86712 -0.19329 -0.45906 0.006194 0.91738 -0.39797
4180.4 68.768 656 -85.367 0.50142 -0.34847 -0.79193 -0.86518 -0.19566 -0.46171 0.005943 0.91667 -0.39959
4190.4 69.666 662.69 -85.559 0.52028 -0.34811 -0.77983 -0.85394 -0.22237 -0.47046 -0.00964 0.9107 -0.41296
4200.4 68.068 660.84 -85.734 0.50675 -0.34546 -0.78985 -0.86209 -0.20125 -0.46508 0.001709 0.9166 -0.3998
4210.4 68.337 662.29 -85.408 0.5066 -0.34862 -0.78856 -0.86218 -0.20106 -0.46501 0.003567 0.91544 -0.40243
4220.4 68.329 664.19 -85.443 0.50933 -0.34906 -0.7866 -0.86057 -0.20331 -0.467 0.003085 0.91478 -0.40394
4230.4 68.321 666.22 -85.462 0.51139 -0.34918 -0.78521 -0.85935 -0.20604 -0.46805 0.001654 0.91412 -0.40544
4240.4 69.001 666.99 -85.495 0.51665 -0.35184 -0.78057 -0.85617 -0.20471 -0.47442 0.007125 0.9134 -0.407
4250.4 68.319 669.46 -85.507 0.51389 -0.34984 -0.78328 -0.85786 -0.20772 -0.47004 0.001735 0.91349 -0.40685
4260.4 68.022 671.15 -85.426 0.5133 -0.34923 -0.78394 -0.85821 -0.20717 -0.46964 0.001601 0.91385 -0.40605
4270.4 68.612 671.92 -85.427 0.51827 -0.35043 -0.78012 -0.85519 -0.2056 -0.47579 0.00634 0.91374 -0.40624
4280.4 68.628 673.06 -85.393 0.51869 -0.35039 -0.77986 -0.85492 -0.20321 -0.47731 0.008763 0.91429 -0.40496
4290.4 68.705 674.15 -85.324 0.51913 -0.35006 -0.77972 -0.85461 -0.20015 -0.47914 0.01167 0.91509 -0.40307
4300.4 68.776 675.53 -85.418 0.51945 -0.34973 -0.77966 -0.85442 -0.20025 -0.47943 0.011543 0.9152 -0.40284
4310.4 68.577 676.65 -85.359 0.51764 -0.3484 -0.78145 -0.85552 -0.19798 -0.47843 0.011971 0.9162 -0.40055
4320.4 69.159 677.27 -85.413 0.5202 -0.34935 -0.77933 -0.85392 -0.19704 -0.48166 0.01471 0.91604 -0.40082
4330.4 68.497 679.06 -85.366 0.51658 -0.34628 -0.78309 -0.85619 -0.19903 -0.47679 0.009247 0.91678 -0.39929
4340.4 70.333 677.92 -85.464 0.52557 -0.35109 -0.77493 -0.8505 -0.19461 -0.48866 0.020757 0.9159 -0.40088
4350.4 68.159 680.97 -85.333 0.51407 -0.34353 -0.78596 -0.85772 -0.1984 -0.47429 0.006999 0.91795 -0.39664
4360.4 69.556 680.28 -85.437 0.52628 -0.34374 -0.77773 -0.85025 -0.2015 -0.48629 0.010449 0.91719 -0.39831
4370.4 68.097 681.74 -85.26 0.51489 -0.34008 -0.78691 -0.85721 -0.19476 -0.47672 0.008865 0.92001 -0.3918
4380.4 68.566 681.12 -85.03 0.5169 -0.34106 -0.78517 -0.85589 -0.18851 -0.48157 0.016232 0.92095 -0.38935
4390.4 68.422 682.05 -85.33 0.5179 -0.33704 -0.78624 -0.85537 -0.19221 -0.48104 0.011006 0.92166 -0.38785
4400.4 69.033 681.78 -85.422 0.52217 -0.33624 -0.78376 -0.85275 -0.19268 -0.48548 0.012228 0.92185 -0.38734
4410.4 68.636 682.27 -85.316 0.52091 -0.33252 -0.78618 -0.85357 -0.19369 -0.48364 0.008545 0.92299 -0.38472
4420.4 67.74 683.52 -85.296 0.51685 -0.32688 -0.79121 -0.85607 -0.19808 -0.47739 -0.000673 0.92407 -0.38221
4430.4 68.55 682.54 -85.34 0.52131 -0.32604 -0.78863 -0.85337 -0.19705 -0.48263 0.001953 0.92459 -0.38095
4440.4 68.443 682.78 -85.284 0.52174 -0.3215 -0.79021 -0.8531 -0.20019 -0.48181 -0.003288 0.92551 -0.37872
4450.4 68.886 682.54 -85.341 0.52318 -0.31819 -0.79059 -0.8522 -0.20189 -0.48269 -0.006028 0.92628 -0.37679
4460.4 69.475 682.05 -85.339 0.52618 -0.31393 -0.79031 -0.85034 -0.20269 -0.48563 -0.007732 0.92756 -0.3736
4470.4 71.761 680.82 -85.736 0.53268 -0.31547 -0.78533 -0.84631 -0.20245 -0.49272 -0.003548 0.92709 -0.37482
4480.4 71.864 678.79 -85.947 0.52455 -0.30831 -0.7936 -0.85138 -0.19046 -0.48875 -0.000464 0.93203 -0.36239
4490.4 73.476 680.53 -85.823 0.53112 -0.30722 -0.78964 -0.84723 -0.20373 -0.4906 -0.010148 0.92958 -0.36849
4500.4 74.755 680.15 -85.822 0.52968 -0.30452 -0.79165 -0.84812 -0.20253 -0.48956 -0.011253 0.93073 -0.36555
4510.4 75.737 679.98 -85.756 0.52578 -0.30146 -0.79541 -0.85051 -0.20127 -0.48592 -0.013606 0.93199 -0.36222
4520.4 78.949 677.66 -85.809 0.53649 -0.30369 -0.78737 -0.84389 -0.19796 -0.49866 -0.004429 0.93198 -0.36248
4530.4 79.577 678.75 -85.776 0.52794 -0.29988 -0.79458 -0.8492 -0.19901 -0.48913 -0.011449 0.93299 -0.35973
4540.4 81.518 679.21 -85.796 0.52496 -0.30028 -0.7964 -0.851 -0.2012 -0.48509 -0.014577 0.93239 -0.36116
4550.4 84.155 680.98 -86.131 0.51412 -0.30714 -0.80084 -0.85755 -0.20252 -0.47285 -0.016954 0.92987 -0.36751
4560.4 87.016 680.91 -86.058 0.51313 -0.31311 -0.79916 -0.85822 -0.20096 -0.47231 -0.012717 0.92821 -0.37184
4570.4 90.217 681.18 -86.046 0.51196 -0.32111 -0.79673 -0.85896 -0.20156 -0.47071 -0.009437 0.92534 -0.37901
4580.4 93.29 680.78 -85.859 0.51426 -0.32863 -0.79217 -0.85763 -0.19925 -0.47409 -0.00204 0.9232 -0.38431
4590.4 96.73 681 -85.827 0.51465 -0.33769 -0.78809 -0.85739 -0.19909 -0.4746 0.003371 0.91996 -0.392
4600.4 100.06 681.46 -85.81 0.51523 -0.3458 -0.78419 -0.85702 -0.2001 -0.47484 0.007286 0.91672 -0.39946
4610.4 103.8 681.67 -85.822 0.51542 -0.35495 -0.77997 -0.85683 -0.19879 -0.47574 0.013812 0.91351 -0.40659
4620.4 107.24 682.02 -85.803 0.51574 -0.36246 -0.7763 -0.85655 -0.19877 -0.47624 0.018315 0.91056 -0.41298
4630.4 110.7 682.39 -85.762 0.51674 -0.36913 -0.77248 -0.85585 -0.19913 -0.47735 0.022378 0.90779 -0.41882
4640.4 114.04 682.84 -85.74 0.51681 -0.37451 -0.76984 -0.85573 -0.19955 -0.47739 0.025165 0.90549 -0.42361
4650.4 117.26 682.84 -85.641 0.51623 -0.37872 -0.76817 -0.85594 -0.19702 -0.47808 0.029713 0.9043 -0.42586
4660.4 120.08 683.22 -85.51 0.51597 -0.38044 -0.76749 -0.85606 -0.19701 -0.47786 0.0306 0.90358 -0.42733
4670.4 123.61 683.79 -85.619 0.51467 -0.38319 -0.767 -0.85679 -0.1963 -0.47685 0.032163 0.90257 -0.42934
4680.4 126.71 684.15 -85.622 0.51192 -0.38423 -0.76831 -0.85836 -0.19338 -0.4752 0.034012 0.90276 -0.42881
4690.4 130.91 685.02 -85.674 0.51045 -0.38593 -0.76844 -0.8592 -0.19264 -0.47399 0.034895 0.90219 -0.42992
4700.4 133.54 683.92 -85.768 0.50072 -0.38552 -0.77502 -0.86466 -0.18093 -0.46864 0.040443 0.90479 -0.42394
4710.4 136.45 684.66 -85.505 0.50023 -0.38768 -0.77426 -0.86493 -0.18162 -0.46788 0.040769 0.90373 -0.42617
4720.4 139.57 685.21 -85.588 0.49705 -0.38825 -0.77602 -0.86675 -0.17991 -0.46516 0.040984 0.90382 -0.42594
4730.4 142.76 683.05 -85.046 0.50634 -0.38637 -0.77094 -0.86087 -0.17436 -0.47802 0.050268 0.90571 -0.4209
4740.4 145.95 686.15 -85.666 0.49123 -0.38914 -0.77927 -0.87007 -0.17718 -0.45998 0.040924 0.90398 -0.42562
4750.4 149.65 685.74 -85.793 0.48459 -0.39032 -0.78283 -0.87359 -0.17002 -0.456 0.044887 0.90484 -0.42337
4760.4 152.28 687.07 -85.617 0.4881 -0.39095 -0.78033 -0.87181 -0.17618 -0.45706 0.041211 0.90339 -0.42683
4770.4 155.51 687.71 -85.696 0.48843 -0.39068 -0.78026 -0.87166 -0.17691 -0.45707 0.040527 0.90337 -0.42695
4780.4 158.72 688.08 -85.677 0.48828 -0.39112 -0.78014 -0.87174 -0.1769 -0.45692 0.040706 0.90318 -0.42733
4790.4 159.9 688.14 -85.12 0.48829 -0.38338 -0.78397 -0.87191 -0.17645 -0.45677 0.036786 0.90658 -0.42043
4800.4 165.16 689.11 -85.679 0.48779 -0.39251 -0.77975 -0.87201 -0.17733 -0.45624 0.040804 0.90249 -0.42877
4810.4 168.45 689.57 -85.643 0.48354 -0.3955 -0.78087 -0.87435 -0.17625 -0.45216 0.041206 0.9014 -0.43103
4820.4 171.41 689.54 -85.558 0.47992 -0.39713 -0.78228 -0.87623 -0.17282 -0.44983 0.043453 0.90134 -0.43092
4830.4 174.04 689.86 -85.458 0.47777 -0.39648 -0.78393 -0.87743 -0.1716 -0.44797 0.043093 0.90186 -0.42987
4840.4 177.44 690.33 -85.566 0.47491 -0.39792 -0.78493 -0.87894 -0.17011 -0.44556 0.043773 0.90151 -0.43053
4850.4 185.03 684.18 -85.099 0.5108 -0.40872 -0.75633 -0.85603 -0.16068 -0.49131 0.079286 0.8984 -0.43195
4860.4 182.92 691.33 -85.626 0.472 -0.39609 -0.78761 -0.88057 -0.16863 -0.44291 0.042618 0.9026 -0.42837
4870.4 185.24 691.54 -85.512 0.4716 -0.3938 -0.789 -0.88078 -0.16708 -0.44307 0.042652 0.90389 -0.42564
4880.4 187.96 691.85 -85.511 0.46968 -0.39319 -0.79044 -0.88177 -0.16486 -0.44194 0.043455 0.90456 -0.42413
4890.4 191.16 692.47 -85.654 0.46625 -0.39476 -0.79169 -0.88357 -0.16351 -0.43883 0.043786 0.90412 -0.42504
4900.4 193.95 692.68 -85.596 0.4633 -0.39624 -0.79268 -0.885 -0.1604 -0.43708 0.046043 0.90403 -0.42499
4910.4 201.23 686.29 -85.126 0.49585 -0.40955 -0.76577 -0.86445 -0.14869 -0.48022 0.08281 0.90009 -0.42777
4920.3 202.82 687.65 -85.198 0.4869 -0.40892 -0.77182 -0.87002 -0.14873 -0.47005 0.077421 0.90037 -0.42819
4930.3 201.9 693.27 -85.69 0.45757 -0.4018 -0.79321 -0.88771 -0.15522 -0.43345 0.051033 0.90248 -0.42771
4940.3 205.48 690.39 -85.226 0.47246 -0.40504 -0.78277 -0.87886 -0.14973 -0.45298 0.066271 0.90195 -0.42671
4950.3 208.01 690.5 -85.161 0.47353 -0.40609 -0.78158 -0.87817 -0.1495 -0.45438 0.067673 0.90152 -0.42741
4960.3 209.27 693.07 -85.481 0.46049 -0.40427 -0.79026 -0.88582 -0.15202 -0.43841 0.057103 0.90192 -0.42812
4970.3 211.23 693.05 -85.438 0.46202 -0.40264 -0.7902 -0.88499 -0.15141 -0.4403 0.057637 0.90275 -0.42629
4980.3 212.98 693.11 -85.444 0.46127 -0.401 -0.79148 -0.88538 -0.14991 -0.44004 0.057801 0.90373 -0.42418
4990.3 214.51 693.07 -85.435 0.4603 -0.39872 -0.79319 -0.88589 -0.14818 -0.4396 0.057747 0.90502 -0.42142
5000.3 215.98 693.6 -85.617 0.45917 -0.39621 -0.79509 -0.88663 -0.14884 -0.43787 0.055151 0.90602 -0.41964
5010.3 218.11 691.13 -85.35 0.471 -0.39495 -0.78878 -0.87972 -0.14414 -0.45313 0.065265 0.90733 -0.41533
5020.3 218.19 693.26 -85.523 0.45845 -0.38908 -0.79902 -0.88709 -0.14594 -0.43792 0.05378 0.90957 -0.41206
5030.3 219.89 693.96 -85.675 0.46064 -0.38728 -0.79864 -0.88614 -0.14936 -0.43868 0.050613 0.90978 -0.41199
5040.3 220.24 693.04 -85.581 0.45844 -0.38392 -0.80152 -0.8872 -0.14484 -0.43807 0.052091 0.91194 -0.40701
5050.3 221.04 692.8 -85.568 0.45653 -0.38218 -0.80345 -0.88821 -0.14341 -0.43648 0.051589 0.91289 -0.40492
5060.3 222.56 693.83 -85.637 0.46184 -0.38157 -0.80069 -0.8857 -0.15019 -0.4393 0.047368 0.91206 -0.40732
5070.3 222.45 692.49 -85.627 0.45681 -0.3788 -0.80488 -0.8882 -0.14416 -0.43626 0.049226 0.91418 -0.4023
5080.3 223.04 692.39 -85.661 0.45724 -0.37766 -0.80517 -0.88805 -0.14497 -0.4363 0.048042 0.91453 -0.40167
5090.3 224.19 692.91 -85.682 0.46117 -0.37845 -0.80256 -0.8861 -0.14917 -0.43883 0.04636 0.91352 -0.40413
5100.3 224.91 692.73 -85.676 0.46243 -0.37957 -0.8013 -0.88543 -0.15008 -0.43989 0.046706 0.91291 -0.40548
5110.3 224.85 689.98 -85.601 0.45373 -0.38003 -0.80604 -0.8894 -0.13654 -0.43627 0.055739 0.91484 -0.39995
5120.3 225.81 690.82 -85.61 0.45901 -0.3829 -0.80169 -0.88682 -0.14319 -0.43936 0.053439 0.91263 -0.40529
5130.3 226.57 691.31 -85.779 0.46031 -0.38427 -0.80028 -0.8864 -0.14909 -0.43826 0.049094 0.9111 -0.40925
5140.3 226.77 690.65 -85.712 0.46043 -0.38463 -0.80004 -0.88628 -0.14824 -0.43879 0.050173 0.91109 -0.40914
5150.3 226.96 690.6 -85.78 0.46135 -0.38385 -0.79988 -0.88598 -0.15161 -0.43825 0.046949 0.91086 -0.41003
5160.3 228.08 692.52 -85.728 0.47057 -0.38478 -0.79405 -0.88155 -0.1664 -0.44179 0.037865 0.90788 -0.41751
5170.3 227.1 690.37 -85.801 0.46263 -0.38116 -0.80043 -0.8856 -0.15681 -0.43718 0.041123 0.91111 -0.4101
5180.3 227.21 690.21 -85.839 0.46296 -0.3807 -0.80046 -0.88555 -0.15961 -0.43627 0.038331 0.91082 -0.41102
5190.3 227.33 690.38 -85.897 0.46237 -0.38065 -0.80083 -0.88598 -0.16216 -0.43445 0.035512 0.91039 -0.41222
5200.3 227.17 690.06 -85.857 0.46009 -0.38076 -0.80208 -0.88725 -0.16348 -0.43134 0.033114 0.91011 -0.41305
5210.3 227.36 690 -85.908 0.46147 -0.38111 -0.80112 -0.88663 -0.16697 -0.43128 0.030602 0.90933 -0.41496
5220.3 227.3 689.21 -85.787 0.46213 -0.38185 -0.80039 -0.88626 -0.16683 -0.43211 0.031467 0.90904 -0.41551
5230.3 227.16 689.01 -85.793 0.46141 -0.38236 -0.80056 -0.8867 -0.16885 -0.43041 0.029393 0.90846 -0.41695
5240.3 227.07 688.71 -85.836 0.46215 -0.38306 -0.7998 -0.88634 -0.17044 -0.43052 0.028599 0.90786 -0.41829
5250.3 226.94 688.1 -85.753 0.4624 -0.38423 -0.7991 -0.88619 -0.17064 -0.43075 0.029154 0.90733 -0.41941
5260.3 226.98 687.74 -85.764 0.46441 -0.38571 -0.79722 -0.88512 -0.172 -0.43241 0.029664 0.90645 -0.42128
5270.3 227.34 688.41 -85.721 0.4709 -0.38788 -0.79234 -0.88177 -0.17932 -0.43626 0.027132 0.9041 -0.42646
5280.3 226.73 686.53 -85.743 0.46575 -0.38778 -0.79542 -0.88426 -0.16942 -0.43518 0.033999 0.90605 -0.42181
5290.3 226.9 686.3 -85.714 0.47139 -0.38972 -0.79115 -0.88119 -0.17135 -0.44063 0.036161 0.90485 -0.42419
5300.3 226.39 684.35 -85.739 0.4686 -0.38935 -0.79298 -0.88235 -0.1624 -0.44168 0.043188 0.90666 -0.41964
5310.3 226.11 682.78 -85.68 0.46894 -0.38926 -0.79283 -0.88189 -0.1569 -0.44459 0.048662 0.90767 -0.41686
5320.3 223.98 683.79 -85.71 0.45711 -0.38397 -0.80226 -0.8885 -0.1563 -0.43144 0.04027 0.91002 -0.41261
5330.3 225.37 680.27 -85.77 0.46665 -0.38836 -0.79462 -0.88272 -0.14851 -0.44581 0.055124 0.90946 -0.41211
5340.3 225.5 678.3 -85.664 0.46676 -0.38898 -0.79425 -0.8823 -0.14321 -0.44837 0.060663 0.91005 -0.41004
5350.3 225.24 676.28 -85.752 0.46928 -0.38757 -0.79345 -0.88079 -0.14118 -0.45198 0.063156 0.91097 -0.40762
5360.3 227.45 670.94 -85.654 0.48377 -0.3941 -0.78144 -0.87122 -0.13192 -0.47283 0.083257 0.90955 -0.40717
5370.3 225.18 672.24 -85.69 0.46953 -0.38734 -0.79341 -0.88048 -0.13869 -0.45335 0.065563 0.91145 -0.40616
5380.3 227.37 666.37 -85.675 0.48559 -0.39271 -0.78101 -0.87001 -0.12984 -0.47564 0.085378 0.91045 -0.40471
5390.3 225.72 668.44 -85.711 0.47766 -0.38684 -0.78879 -0.87618 -0.144 -0.45997 0.064354 0.91083 -0.40773
5400.3 225.79 665.57 -85.753 0.47707 -0.38649 -0.78932 -0.87638 -0.14177 -0.46028 0.065991 0.91133 -0.40635
5410.3 225.21 661.15 -85.83 0.47181 -0.38389 -0.79374 -0.87876 -0.13128 -0.45885 0.071945 0.914 -0.39929
5420.3 225.48 658.23 -85.831 0.47148 -0.38389 -0.79394 -0.87886 -0.13018 -0.45897 0.07284 0.91416 -0.39876
5430.3 225.77 654.98 -85.835 0.46908 -0.38447 -0.79508 -0.88003 -0.12779 -0.4574 0.074253 0.91425 -0.39829
5440.3 226.18 651.92 -85.931 0.46712 -0.38526 -0.79585 -0.88111 -0.12774 -0.45533 0.073761 0.91393 -0.39912
5450.3 227.93 650.34 -85.728 0.47088 -0.39074 -0.79095 -0.87947 -0.13747 -0.45567 0.069316 0.91018 -0.40837
5460.3 228.09 645.99 -85.759 0.46475 -0.39053 -0.79466 -0.88251 -0.13133 -0.45159 0.071998 0.91117 -0.40568
5470.3 228.28 641.81 -85.691 0.45929 -0.39033 -0.79793 -0.8852 -0.1263 -0.44774 0.073988 0.91197 -0.40353
5480.3 228.75 638.22 -85.713 0.45733 -0.39022 -0.79911 -0.88623 -0.12546 -0.44593 0.073758 0.91213 -0.4032
5490.3 225.43 626.3 -85.46 0.41382 -0.3815 -0.82657 -0.90484 -0.072508 -0.41953 0.10012 0.92152 -0.3752
5500.3 225.43 621.95 -85.467 0.40482 -0.38047 -0.83148 -0.9087 -0.066002 -0.41221 0.10196 0.92243 -0.37245
5510.3 229.61 626.45 -86.071 0.44697 -0.38767 -0.80618 -0.89137 -0.1171 -0.43789 0.075351 0.91433 -0.39789
5520.3 230.21 622.33 -86.098 0.44298 -0.38862 -0.80793 -0.89326 -0.11436 -0.43476 0.076566 0.91427 -0.3978
5530.3 230.87 618.54 -86.104 0.4396 -0.3901 -0.80906 -0.89488 -0.11288 -0.4318 0.077121 0.91383 -0.39871
5540.3 231.44 614.32 -86.091 0.43595 -0.39139 -0.81041 -0.89646 -0.10942 -0.4294 0.07939 0.9137 -0.39857
5550.3 231.9 610.67 -86.152 0.43199 -0.392 -0.81223 -0.89851 -0.10936 -0.4251 0.077816 0.91344 -0.39946
5560.3 232.42 606.44 -86.093 0.4287 -0.39302 -0.81348 -0.89989 -0.10599 -0.42304 0.080046 0.9134 -0.39912
5570.3 232.95 602.43 -86.05 0.42658 -0.39341 -0.81441 -0.90081 -0.10412 -0.42154 0.081046 0.91345 -0.39881
5580.3 233.49 598.46 -86.002 0.42276 -0.3948 -0.81572 -0.90245 -0.10112 -0.41877 0.082845 0.91319 -0.39903
5590.3 230.27 586.56 -85.356 0.37439 -0.38796 -0.84221 -0.92056 -0.046431 -0.38783 0.11136 0.92051 -0.37452
5600.3 231.47 584.12 -85.413 0.37692 -0.39084 -0.83975 -0.9198 -0.051184 -0.38903 0.10907 0.91903 -0.37879
5610.3 231.59 579.83 -85.433 0.36965 -0.39067 -0.84305 -0.92243 -0.045238 -0.3835 0.11168 0.91942 -0.37709
5620.3 232.21 576.25 -85.339 0.36702 -0.39178 -0.84368 -0.92316 -0.041955 -0.38212 0.11431 0.9191 -0.37708
5630.3 235.53 577.92 -85.613 0.39208 -0.4 -0.82842 -0.91472 -0.073787 -0.39729 0.09779 0.91354 -0.39482
5640.3 236.76 576.25 -85.643 0.39536 -0.40317 -0.82532 -0.91383 -0.081909 -0.39775 0.092758 0.91145 -0.40081
5650.3 235.92 570.79 -85.581 0.38173 -0.39984 -0.83331 -0.91888 -0.066897 -0.38883 0.099721 0.91414 -0.39294
5660.3 236.47 567.92 -85.588 0.37961 -0.40102 -0.83371 -0.91994 -0.068133 -0.3861 0.098028 0.91353 -0.39477
5670.3 236.68 564.47 -85.558 0.37555 -0.40075 -0.83568 -0.92157 -0.065762 -0.38261 0.098375 0.91382 -0.39402
5680.3 236.89 561.75 -85.604 0.37332 -0.40005 -0.83701 -0.92272 -0.066745 -0.37965 0.09601 0.91406 -0.39405
5690.3 237.35 559.38 -85.663 0.37173 -0.4005 -0.83751 -0.92366 -0.069103 -0.37692 0.093081 0.91369 -0.39561
5700.3 237.31 555.58 -85.559 0.36547 -0.39958 -0.84069 -0.92593 -0.063629 -0.37229 0.095264 0.91449 -0.39324
5710.3 235.14 549.65 -85.486 0.34121 -0.39252 -0.85411 -0.93414 -0.040398 -0.35462 0.10469 0.91885 -0.38046
5720.3 234.52 545.78 -85.382 0.33216 -0.39021 -0.85872 -0.937 -0.032095 -0.34786 0.10817 0.92017 -0.37628
5730.3 234.77 543.83 -85.456 0.3314 -0.39077 -0.85876 -0.93764 -0.035173 -0.34583 0.10494 0.91982 -0.37806
5740.3 234.17 540.21 -85.355 0.32592 -0.38865 -0.86182 -0.93915 -0.028487 -0.34231 0.10849 0.92094 -0.37429
5750.3 234.78 538.98 -85.393 0.32766 -0.3919 -0.85968 -0.93903 -0.034698 -0.34209 0.10424 0.91935 -0.37938
5760.3 235.26 537.65 -85.493 0.33027 -0.39465 -0.85742 -0.93854 -0.040729 -0.34277 0.10035 0.91793 -0.38384
5770.3 234.41 533.68 -85.331 0.32206 -0.3937 -0.86097 -0.94067 -0.030436 -0.33795 0.10685 0.91873 -0.38015
5780.3 235.2 532.73 -85.412 0.32628 -0.39857 -0.85714 -0.93974 -0.038826 -0.33967 0.1021 0.91631 -0.38722
5790.3 233.71 527.99 -85.276 0.31272 -0.39625 -0.86325 -0.94342 -0.024082 -0.33071 0.11026 0.91783 -0.38136
5800.3 235.14 528.42 -85.397 0.32297 -0.40329 -0.85618 -0.94095 -0.0398 -0.3362 0.10151 0.91421 -0.39233
5810.3 235.28 529.19 -85.941 0.32802 -0.40445 -0.85371 -0.94047 -0.054623 -0.33547 0.089049 0.91293 -0.39829
5820.3 235.09 527.28 -85.922 0.32656 -0.40558 -0.85374 -0.94116 -0.056372 -0.33322 0.08702 0.91232 -0.40012
5830.3 233.7 520.91 -85.337 0.31083 -0.40381 -0.86042 -0.94498 -0.034171 -0.32534 0.10198 0.9142 -0.39222
5840.3 234.87 521.65 -85.588 0.33006 -0.40689 -0.85176 -0.93944 -0.053383 -0.33853 0.092276 0.91192 -0.39987
5850.3 232.89 516.53 -85.271 0.30819 -0.40248 -0.86199 -0.94579 -0.032012 -0.32321 0.10249 0.91487 -0.39053
5860.3 235.02 518.87 -85.476 0.32453 -0.41056 -0.85213 -0.94173 -0.056041 -0.33166 0.088413 0.91011 -0.40483
5870.3 234.34 516.29 -85.571 0.32677 -0.40779 -0.8526 -0.94059 -0.05223 -0.33551 0.092285 0.91158 -0.40063
5880.3 234.88 515.34 -85.412 0.32256 -0.41171 -0.85232 -0.94213 -0.052759 -0.33106 0.091333 0.90979 -0.4049
5890.3 233.08 510.83 -85.267 0.30838 -0.40647 -0.86005 -0.94569 -0.033268 -0.32337 0.10283 0.91306 -0.39466
5900.3 233.87 511.27 -85.542 0.31855 -0.40961 -0.85484 -0.94293 -0.044636 -0.32998 0.097008 0.91117 -0.40045
5910.3 234.26 510.08 -85.352 0.31794 -0.41231 -0.85376 -0.94309 -0.045027 -0.32947 0.097401 0.90993 -0.40317
5920.2 233.23 507.28 -85.284 0.30817 -0.41019 -0.85835 -0.9458 -0.03496 -0.32286 0.10243 0.91133 -0.39874
5930.2 233.72 507.25 -85.507 0.31502 -0.41207 -0.85496 -0.94399 -0.042877 -0.32716 0.098158 0.91014 -0.4025
5940.2 234.25 506.87 -85.371 0.31648 -0.4154 -0.85281 -0.9438 -0.047529 -0.32709 0.095342 0.90839 -0.4071
5950.2 233.93 505.65 -85.332 0.31576 -0.41465 -0.85344 -0.94405 -0.047077 -0.32641 0.095169 0.90876 -0.40632
5960.2 233.26 504.61 -85.472 0.31303 -0.41317 -0.85517 -0.94509 -0.046443 -0.3235 0.093944 0.90947 -0.40502
5970.2 233.05 503.78 -85.326 0.3134 -0.41308 -0.85507 -0.94503 -0.047268 -0.32354 0.093231 0.90947 -0.40519
5980.2 232.99 503.32 -85.423 0.31265 -0.41389 -0.85495 -0.94562 -0.050554 -0.32133 0.089774 0.90892 -0.40719
5990.2 232.89 503.26 -85.444 0.31271 -0.4147 -0.85454 -0.94594 -0.054394 -0.31976 0.08612 0.90833 -0.40929
6000.2 234.21 505.06 -85.385 0.32222 -0.42036 -0.84822 -0.94351 -0.069495 -0.32398 0.07724 0.90469 -0.419
6010.2 232.73 502.76 -85.366 0.31394 -0.41642 -0.85325 -0.94579 -0.058368 -0.3195 0.083243 0.9073 -0.41217
6020.2 232.63 502.91 -85.441 0.31449 -0.41744 -0.85255 -0.94577 -0.060905 -0.31906 0.081267 0.90666 -0.41396
6030.2 232.52 502.39 -85.323 0.3148 -0.41863 -0.85185 -0.94547 -0.059259 -0.32027 0.083599 0.90622 -0.41446
6040.2 232.35 502.41 -85.323 0.31429 -0.42029 -0.85122 -0.94555 -0.058647 -0.32016 0.084638 0.90549 -0.41584
6050.2 232.28 502.21 -85.267 0.31516 -0.42261 -0.84975 -0.945 -0.057246 -0.32202 0.087446 0.9045 -0.41741
6060.2 232.12 502.65 -85.341 0.3159 -0.42496 -0.8483 -0.94476 -0.058505 -0.32252 0.087426 0.90332 -0.41996
6070.2 232.01 502.43 -85.214 0.3169 -0.42817 -0.84631 -0.94403 -0.056225 -0.32504 0.091591 0.90195 -0.42202
6080.2 231.63 502.66 -85.229 0.3173 -0.43103 -0.84471 -0.94372 -0.055794 -0.32602 0.093394 0.90061 -0.42448
6090.2 234.87 509.32 -85.021 0.34607 -0.44458 -0.82619 -0.93515 -0.092406 -0.34198 0.075695 0.89096 -0.44773
6100.2 233.32 507.72 -85.026 0.34257 -0.44256 -0.82873 -0.93566 -0.081113 -0.34345 0.084776 0.89307 -0.44187
6110.2 229.41 502.7 -85.019 0.3231 -0.43253 -0.84174 -0.94063 -0.049018 -0.33587 0.10402 0.90029 -0.42269
6120.2 232.67 511.02 -85.098 0.36135 -0.44365 -0.82012 -0.92902 -0.096165 -0.35731 0.079653 0.89103 -0.44691
6130.2 231.95 512.44 -85.149 0.36975 -0.44169 -0.81743 -0.92593 -0.10227 -0.36357 0.07699 0.89132 -0.44679
6140.2 229.54 510.98 -85.266 0.36393 -0.4351 -0.82356 -0.9278 -0.091338 -0.36174 0.082167 0.89574 -0.43692
6150.2 227.51 510.08 -85.309 0.35922 -0.42976 -0.82841 -0.92938 -0.083991 -0.35944 0.084892 0.89903 -0.42958
6160.2 222.19 503.25 -85.212 0.33065 -0.41442 -0.84789 -0.93764 -0.04217 -0.34504 0.10724 0.90911 -0.40252
6170.2 222.91 508.19 -85.358 0.34924 -0.41815 -0.83856 -0.93271 -0.069267 -0.35391 0.089902 0.90573 -0.4142
6180.2 218.91 504.77 -85.397 0.33202 -0.40768 -0.85062 -0.93811 -0.048505 -0.34292 0.098542 0.91183 -0.39856
6190.2 217.71 505.52 -85.415 0.33592 -0.40663 -0.84959 -0.93719 -0.05427 -0.34458 0.094009 0.91198 -0.39932
6200.2 216.11 505.84 -85.527 0.3367 -0.40483 -0.85015 -0.93736 -0.058362 -0.34345 0.089422 0.91253 -0.39912
6210.2 212.77 502.78 -85.376 0.32253 -0.39791 -0.85886 -0.94166 -0.042704 -0.33384 0.096162 0.91643 -0.38847
6220.2 209.7 505.01 -85.604 0.30849 -0.39286 -0.86631 -0.94766 -0.048123 -0.31564 0.08231 0.91834 -0.38714
6230.2 209.24 501.83 -85.448 0.32753 -0.39527 -0.85818 -0.94035 -0.047919 -0.33682 0.092014 0.91731 -0.38739
6240.2 207.28 501.32 -85.467 0.32656 -0.3938 -0.85923 -0.94098 -0.049856 -0.33478 0.088996 0.91784 -0.38683
6250.2 212.04 513.89 -85.371 0.38199 -0.4147 -0.8259 -0.92319 -0.13007 -0.36167 0.04256 0.90062 -0.43253
6260.2 210.38 514.59 -85.319 0.38634 -0.41489 -0.82378 -0.92171 -0.14016 -0.36168 0.034598 0.89901 -0.43656
6270.2 207.65 513.29 -85.324 0.38254 -0.41265 -0.82667 -0.92336 -0.139 -0.3579 0.032779 0.90022 -0.43419
6280.2 205.17 512.69 -85.331 0.38181 -0.41108 -0.82779 -0.92379 -0.14164 -0.35574 0.028991 0.90053 -0.43383
6290.2 196.64 500.96 -85.502 0.33764 -0.39009 -0.85664 -0.93925 -0.079897 -0.33382 0.061778 0.9173 -0.39337
6300.2 190.96 501.52 -85.864 0.31055 -0.37784 -0.87223 -0.94921 -0.074497 -0.30569 0.050524 0.92287 -0.38179
6310.2 189.86 497.86 -85.705 0.33346 -0.37921 -0.86313 -0.94081 -0.07487 -0.33058 0.060735 0.92227 -0.38173
6320.2 187.14 497.82 -85.836 0.33403 -0.37733 -0.86374 -0.94098 -0.080519 -0.32873 0.054492 0.92257 -0.38195
6330.2 184.04 496.67 -85.723 0.33312 -0.37414 -0.86548 -0.94132 -0.079093 -0.32812 0.054308 0.92399 -0.37853
6340.2 181.13 497.07 -85.627 0.33779 -0.37363 -0.86389 -0.94003 -0.087791 -0.32959 0.047302 0.92341 -0.38088
6350.2 178.27 495.48 -85.754 0.33081 -0.37094 -0.86774 -0.94243 -0.082302 -0.32411 0.048809 0.925 -0.37681
6360.2 175.19 495.26 -85.86 0.33142 -0.36945 -0.86814 -0.94243 -0.086208 -0.32309 0.044524 0.92524 -0.37675
6370.2 173.89 497.96 -85.621 0.34987 -0.3743 -0.85877 -0.93628 -0.10918 -0.33386 0.0312 0.92086 -0.38865
6380.2 168.9 495.37 -85.676 0.347 -0.36615 -0.86344 -0.93717 -0.09975 -0.33432 0.036283 0.92519 -0.37775
6390.2 166.78 495.87 -85.5 0.3592 -0.36765 -0.85779 -0.93261 -0.10708 -0.34463 0.034855 0.92378 -0.38134
6400.2 163.39 495.36 -85.592 0.35887 -0.36524 -0.85896 -0.93281 -0.10798 -0.34381 0.032823 0.92463 -0.37945
6410.2 159.47 491.78 -85.634 0.34589 -0.36132 -0.86592 -0.93727 -0.090309 -0.33671 0.043459 0.92806 -0.36989
6420.2 156.6 490.82 -85.46 0.34539 -0.36072 -0.86636 -0.93733 -0.087348 -0.33731 0.046 0.92857 -0.36829
6430.2 155.56 494.86 -85.4 0.36598 -0.36745 -0.85501 -0.93017 -0.11569 -0.34843 0.029111 0.92282 -0.38413
6440.2 150.22 490.14 -85.477 0.35032 -0.35872 -0.86521 -0.93556 -0.089936 -0.34152 0.044695 0.9291 -0.36711
6450.2 147.42 491.91 -85.428 0.36554 -0.35846 -0.859 -0.9301 -0.10482 -0.35205 0.036157 0.92764 -0.37172
6460.2 145.03 492.97 -85.575 0.37451 -0.35942 -0.85473 -0.92674 -0.11528 -0.35759 0.029994 0.92603 -0.37626
6470.2 137.52 495.63 -85.687 0.31929 -0.346 -0.88223 -0.94755 -0.10272 -0.30265 0.014091 0.93259 -0.36065
6480.2 135.12 493.92 -85.697 0.32825 -0.34694 -0.87857 -0.94439 -0.10116 -0.31289 0.019679 0.93241 -0.36085
6490.2 134.87 488.18 -85.545 0.362 -0.35332 -0.86263 -0.93119 -0.094399 -0.35211 0.042974 0.93073 -0.36318
6500.2 132.04 487.95 -85.541 0.36407 -0.35314 -0.86183 -0.93041 -0.095775 -0.3538 0.042398 0.93066 -0.36343
6510.2 127.94 485.99 -85.301 0.36273 -0.34897 -0.86409 -0.93068 -0.088223 -0.35505 0.047671 0.93297 -0.35678
6520.2 126.19 487.65 -85.572 0.36642 -0.35138 -0.86155 -0.9296 -0.098745 -0.35509 0.039699 0.93101 -0.36282
6530.2 121.71 491.59 -85.641 0.34 -0.34794 -0.87369 -0.94018 -0.10441 -0.32429 0.021605 0.93169 -0.36262
6540.2 121.61 486.62 -85.481 0.36993 -0.35416 -0.85891 -0.92812 -0.099417 -0.35875 0.041666 0.92988 -0.36548
6550.2 119.24 486.31 -85.453 0.3719 -0.35409 -0.85808 -0.92734 -0.10027 -0.36054 0.041626 0.92982 -0.36565
6560.2 344.82 547.98 119.56 -0.21383 -0.76785 0.60388 0.75599 -0.52158 -0.39551 0.61867 0.37196 0.69203
6570.2 114.86 485.9 -85.538 0.3742 -0.35432 -0.85699 -0.92648 -0.1028 -0.36203 0.040176 0.92946 -0.36674
6580.2 112.64 485.39 -85.455 0.3749 -0.35348 -0.85703 -0.92617 -0.10223 -0.36298 0.040693 0.92984 -0.36571
6590.2 107.86 490.82 -85.635 0.3459 -0.34505 -0.87252 -0.93815 -0.11181 -0.32769 0.015512 0.9319 -0.36239
6600.2 108.35 484.73 -85.448 0.37651 -0.35066 -0.85748 -0.92556 -0.10268 -0.36441 0.039739 0.93086 -0.36321
6610.2 106.53 484.35 -85.409 0.37808 -0.35028 -0.85695 -0.92489 -0.10247 -0.36617 0.040454 0.93102 -0.36271
6620.2 105.43 486.01 -85.435 0.38957 -0.35174 -0.85118 -0.92043 -0.11639 -0.37317 0.032193 0.92883 -0.36909
6630.2 103.11 484.26 -85.51 0.38047 -0.34853 -0.85661 -0.92412 -0.10797 -0.36652 0.035256 0.93106 -0.36316
6640.2 102.75 482.03 -85.586 0.38377 -0.3525 -0.8535 -0.92237 -0.1022 -0.37253 0.04409 0.93022 -0.36435
6650.2 101.84 480.75 -85.619 0.38769 -0.35284 -0.85159 -0.92058 -0.10085 -0.37731 0.047246 0.93023 -0.36392
6660.2 98.094 483.59 -85.513 0.37485 -0.34242 -0.86153 -0.92663 -0.10939 -0.3597 0.028932 0.93316 -0.35831
6670.2 96.334 483.11 -85.556 0.37269 -0.33923 -0.86373 -0.92753 -0.10789 -0.35784 0.028199 0.9345 -0.35485
6680.2 93.024 485.38 -85.437 0.35457 -0.33199 -0.87411 -0.9349 -0.11065 -0.33721 0.015231 0.93677 -0.34962
6690.2 93.301 482.38 -85.496 0.37102 -0.33457 -0.86626 -0.92826 -0.10731 -0.35612 0.026188 0.93624 -0.35038
6700.2 89.95 485.62 -85.594 0.34984 -0.32742 -0.87773 -0.93677 -0.11355 -0.33101 0.008711 0.93803 -0.34644
6710.2 88.642 485.46 -85.606 0.34945 -0.32618 -0.87835 -0.93693 -0.11529 -0.32994 0.006351 0.93825 -0.3459
6720.2 87.332 485.47 -85.612 0.34775 -0.3255 -0.87927 -0.93758 -0.11632 -0.32775 0.004407 0.93836 -0.34563
6730.2 88.231 481.1 -85.531 0.36895 -0.33058 -0.86867 -0.9292 -0.10952 -0.35298 0.021555 0.9374 -0.34758
6740.2 87.416 481.3 -85.622 0.36703 -0.33243 -0.86878 -0.93001 -0.11186 -0.35009 0.019198 0.93647 -0.35022
6750.2 86.74 480.92 -85.613 0.36531 -0.33457 -0.86869 -0.93068 -0.11163 -0.34838 0.019583 0.93574 -0.35216
6760.2 86.21 480.64 -85.521 0.36331 -0.33778 -0.86828 -0.93144 -0.11112 -0.34651 0.020559 0.93464 -0.35499
6770.2 85.904 480.51 -85.568 0.3628 -0.34144 -0.86706 -0.93165 -0.11279 -0.34541 0.020139 0.93311 -0.35902
6780.2 86.825 482.65 -85.58 0.37326 -0.34941 -0.85941 -0.92764 -0.12818 -0.35078 0.012405 0.92816 -0.37197
6790.2 86.563 482.4 -85.549 0.37429 -0.35243 -0.85773 -0.92722 -0.12955 -0.35139 0.012716 0.92683 -0.37527
6800.2 85.777 481.37 -85.512 0.37251 -0.35275 -0.85837 -0.92787 -0.12428 -0.35159 0.017343 0.92743 -0.3736
6810.2 85.049 480.01 -85.49 0.36944 -0.3529 -0.85964 -0.92899 -0.11799 -0.3508 0.022369 0.92819 -0.37143
6820.2 85.157 480.16 -85.531 0.3719 -0.35543 -0.85753 -0.928 -0.1202 -0.35265 0.022268 0.92694 -0.37454
6830.2 85.622 482.05 -85.526 0.37914 -0.35744 -0.85351 -0.9252 -0.13039 -0.35638 0.016094 0.92479 -0.38014
6840.2 85.375 481.01 -85.475 0.37535 -0.35807 -0.85493 -0.92664 -0.124 -0.3549 0.021072 0.92543 -0.37835
6850.2 84.818 480.77 -85.524 0.37037 -0.35659 -0.85771 -0.9286 -0.1194 -0.35135 0.02288 0.9266 -0.37535
6860.2 85.22 481.36 -85.515 0.3701 -0.35851 -0.85703 -0.92875 -0.12155 -0.35022 0.021391 0.92558 -0.37795
6870.2 85.733 482.19 -85.489 0.3742 -0.35979 -0.85471 -0.92712 -0.12479 -0.35337 0.020484 0.92465 -0.38027
6880.2 84.779 480.52 -85.482 0.36407 -0.35701 -0.86023 -0.93098 -0.11264 -0.34727 0.027079 0.92728 -0.37338
6890.2 85.898 482.29 -85.434 0.37407 -0.36017 -0.85461 -0.92712 -0.12238 -0.35423 0.022997 0.92483 -0.37969
6900.2 85.536 482.26 -85.521 0.37235 -0.35831 -0.85614 -0.92778 -0.11991 -0.35333 0.023936 0.92587 -0.37708
6910.1 84.759 480.67 -85.473 0.36544 -0.35548 -0.86028 -0.93034 -0.10937 -0.35001 0.030332 0.92826 -0.37068
6920.1 86.004 482.66 -85.462 0.37581 -0.35831 -0.85462 -0.92637 -0.12058 -0.3568 0.02479 0.92578 -0.37724
6930.1 85.641 482.25 -85.549 0.37138 -0.3562 -0.85744 -0.92812 -0.11656 -0.35357 0.025999 0.92711 -0.37388
6940.1 84.724 480.47 -85.472 0.36389 -0.35176 -0.86247 -0.93084 -0.10411 -0.35027 0.033421 0.93029 -0.36531
6950.1 85.454 481.76 -85.517 0.36821 -0.35278 -0.86021 -0.92928 -0.11042 -0.35249 0.029369 0.92917 -0.36849
6960.1 86.785 483.92 -85.517 0.37622 -0.35596 -0.85543 -0.92627 -0.12241 -0.35644 0.022168 0.92645 -0.37577
