3240.9 -133.02 459.93 100.79 -0.12473 0.82875 -0.54554 0.00817 0.55068 0.83468 0.99216 0.099656 -0.075459
3250.9 86.971 482.42 -84.76 0.33907 -0.40444 -0.84939 -0.93378 -0.034859 -0.35616 0.11443 0.9139 -0.38948
3260.9 86.974 482.32 -84.798 0.33935 -0.40421 -0.84939 -0.93369 -0.035025 -0.35636 0.11429 0.914 -0.38929
3270.9 86.963 482.38 -84.816 0.33901 -0.40423 -0.84951 -0.93395 -0.036006 -0.35557 0.11315 0.91395 -0.38974
3280.9 86.937 482.37 -84.829 0.33947 -0.40387 -0.8495 -0.93385 -0.036615 -0.35578 0.11258 0.91408 -0.38959
3290.9 86.981 482.25 -84.797 0.33938 -0.4039 -0.84952 -0.93386 -0.036382 -0.35578 0.11279 0.91408 -0.38953
3300.9 87.134 482.18 -84.811 0.34104 -0.40426 -0.84868 -0.93331 -0.037712 -0.35709 0.11235 0.91387 -0.39016
3310.9 87.086 482.33 -84.852 0.34009 -0.40387 -0.84925 -0.93377 -0.038069 -0.35584 0.11138 0.91402 -0.39007
3320.9 86.988 482.22 -84.791 0.33944 -0.40332 -0.84977 -0.93401 -0.037552 -0.35527 0.11138 0.91429 -0.38945
3330.9 87.028 482.18 -84.817 0.34021 -0.40312 -0.84956 -0.93381 -0.038484 -0.35569 0.11069 0.91434 -0.38953
3340.9 87.18 482.1 -84.737 0.34133 -0.4033 -0.84903 -0.93333 -0.038486 -0.35694 0.11128 0.91426 -0.38955
3350.9 87.111 482.09 -84.808 0.34033 -0.40294 -0.8496 -0.93378 -0.038586 -0.35575 0.11056 0.91441 -0.38939
3360.9 87.075 482.08 -84.747 0.3408 -0.40212 -0.8498 -0.93367 -0.038936 -0.35601 0.11007 0.91476 -0.38871
3370.9 87.216 482.16 -84.825 0.34109 -0.4025 -0.8495 -0.93362 -0.039709 -0.35605 0.10958 0.91456 -0.38932
3380.9 87.123 481.81 -84.711 0.34085 -0.40143 -0.85011 -0.93356 -0.03786 -0.35643 0.11089 0.91511 -0.38766
3390.9 87.167 481.91 -84.743 0.34119 -0.40121 -0.85007 -0.93354 -0.038858 -0.35635 0.10994 0.91516 -0.3878
3400.9 87.27 481.95 -84.772 0.34188 -0.40071 -0.85003 -0.9334 -0.039831 -0.35663 0.10905 0.91534 -0.38764
3410.9 87.283 482.02 -84.786 0.34165 -0.4004 -0.85027 -0.93352 -0.039968 -0.35628 0.10867 0.91547 -0.38744
3420.9 87.115 482.05 -84.814 0.34007 -0.39951 -0.85132 -0.93414 -0.039214 -0.35475 0.10834 0.91589 -0.38654
3430.9 87.228 481.94 -84.787 0.34074 -0.39946 -0.85108 -0.93385 -0.039098 -0.35552 0.10874 0.91592 -0.38636
3440.9 87.11 482.14 -84.773 0.34057 -0.39866 -0.85152 -0.93398 -0.039242 -0.35518 0.10818 0.91626 -0.3857
3450.9 87.389 481.71 -84.714 0.34232 -0.39944 -0.85045 -0.93306 -0.038071 -0.35769 0.1105 0.91597 -0.38574
3460.8 87.244 482.06 -84.779 0.34229 -0.39897 -0.85068 -0.93327 -0.039531 -0.35699 0.1088 0.91611 -0.38588
3470.8 87.344 482.13 -84.837 0.34329 -0.39988 -0.84985 -0.93297 -0.040909 -0.35762 0.10824 0.91566 -0.38712
3480.8 87.316 481.92 -84.805 0.34531 -0.40045 -0.84876 -0.93215 -0.041397 -0.35971 0.10891 0.91538 -0.38758
3490.8 87.219 481.79 -84.732 0.34544 -0.40159 -0.84817 -0.93193 -0.040544 -0.36036 0.11033 0.91492 -0.38826
3500.8 87.158 481.97 -84.759 0.34818 -0.40292 -0.84642 -0.93101 -0.043152 -0.36244 0.10951 0.91422 -0.39015
3510.8 86.966 482.04 -84.769 0.34853 -0.40509 -0.84524 -0.93082 -0.043747 -0.36285 0.11001 0.91323 -0.39231
3520.8 86.755 481.87 -84.77 0.35076 -0.40722 -0.84329 -0.9299 -0.045008 -0.36505 0.1107 0.91222 -0.39446
3530.8 86.579 481.64 -84.676 0.35309 -0.41053 -0.84071 -0.9287 -0.044979 -0.36808 0.1133 0.91074 -0.39715
3540.8 86.348 481.71 -84.703 0.35595 -0.41432 -0.83764 -0.92743 -0.04653 -0.37109 0.11478 0.90894 -0.40082
3550.8 85.889 482.06 -84.68 0.35827 -0.41783 -0.8349 -0.92644 -0.048396 -0.37333 0.11558 0.90724 -0.40443
3560.8 85.737 481.78 -84.646 0.36309 -0.42291 -0.83025 -0.92403 -0.04893 -0.37918 0.11973 0.90485 -0.40855
3570.8 85.302 481.66 -84.467 0.36798 -0.42745 -0.82576 -0.92149 -0.048957 -0.3853 0.12427 0.90271 -0.41191
3580.8 84.467 482.23 -84.475 0.37196 -0.43073 -0.82227 -0.91974 -0.051336 -0.38916 0.12541 0.90102 -0.41525
3590.8 83.718 482.53 -84.413 0.37816 -0.43338 -0.81803 -0.91682 -0.052992 -0.39576 0.12817 0.89965 -0.41737
3600.8 82.65 482.8 -84.325 0.3846 -0.43407 -0.81466 -0.91389 -0.05484 -0.40223 0.12992 0.89921 -0.41779
3610.8 81.524 483.5 -84.33 0.39246 -0.4334 -0.81126 -0.91058 -0.058709 -0.40914 0.12969 0.89929 -0.41768
3620.8 78.538 487.28 -84.754 0.38634 -0.42635 -0.81791 -0.91532 -0.067855 -0.39698 0.11375 0.90201 -0.41646
3630.8 76.734 487.95 -84.669 0.39313 -0.42102 -0.81743 -0.91265 -0.070523 -0.4026 0.11186 0.9043 -0.41197
3640.8 75.278 488.21 -84.584 0.40238 -0.41647 -0.81526 -0.90847 -0.071728 -0.41174 0.113 0.90632 -0.40721
3650.8 72.572 490.63 -84.757 0.40156 -0.40802 -0.81992 -0.91001 -0.077013 -0.40736 0.10307 0.90972 -0.40223
3660.8 70.188 492.13 -84.752 0.40228 -0.40066 -0.82319 -0.91026 -0.078787 -0.40648 0.098001 0.91283 -0.3964
3670.8 70.056 491.07 -84.606 0.41473 -0.40129 -0.81668 -0.90346 -0.074626 -0.42212 0.10845 0.91291 -0.3935
3680.8 68.418 492.39 -84.674 0.41479 -0.39854 -0.81799 -0.90363 -0.074928 -0.42171 0.10678 0.91409 -0.39121
3690.8 67.769 493.17 -84.716 0.42195 -0.39901 -0.81409 -0.89999 -0.075927 -0.42926 0.10947 0.9138 -0.39114
3700.8 66.96 493.88 -84.682 0.42706 -0.39937 -0.81125 -0.89718 -0.075372 -0.43519 0.11266 0.91369 -0.39049
3710.8 64.945 496.41 -84.715 0.42555 -0.39545 -0.81396 -0.89872 -0.079477 -0.43125 0.10585 0.91504 -0.38922
3720.8 64.822 496.81 -84.675 0.43495 -0.39717 -0.80813 -0.89371 -0.080735 -0.44133 0.11004 0.91419 -0.39007
3730.8 63.436 499.15 -84.741 0.43809 -0.39387 -0.80805 -0.89289 -0.08663 -0.44186 0.10404 0.91507 -0.38964
3740.8 63.924 498.75 -84.481 0.45155 -0.39587 -0.79962 -0.88528 -0.086964 -0.45686 0.11132 0.91418 -0.38972
3750.8 61.713 502.65 -84.643 0.44437 -0.38993 -0.80653 -0.89058 -0.094796 -0.44485 0.097002 0.91595 -0.38938
3760.8 61.625 503.97 -84.627 0.45006 -0.38985 -0.80341 -0.88786 -0.098971 -0.44934 0.095663 0.91554 -0.39067
3770.8 61.839 505.4 -84.663 0.45447 -0.39091 -0.80041 -0.88577 -0.10336 -0.45246 0.094139 0.91461 -0.39323
3780.8 61.839 507.32 -84.621 0.45625 -0.39143 -0.79914 -0.88521 -0.10808 -0.45246 0.090735 0.91384 -0.39581
3790.8 62.383 509.02 -84.726 0.46014 -0.39313 -0.79607 -0.88355 -0.11464 -0.45409 0.087252 0.91231 -0.4001
3800.8 61.226 512.43 -84.704 0.45375 -0.38941 -0.80154 -0.88798 -0.12204 -0.4434 0.074848 0.91294 -0.40116
3810.8 63.325 511.96 -84.587 0.46599 -0.39498 -0.79173 -0.88087 -0.12293 -0.45712 0.083227 0.91043 -0.40521
3820.8 63.853 514 -84.676 0.46596 -0.39543 -0.79153 -0.88125 -0.12731 -0.45518 0.079227 0.90963 -0.4078
3830.8 63.667 516.54 -84.575 0.46617 -0.39304 -0.7926 -0.88188 -0.13505 -0.45171 0.070501 0.90955 -0.40957
3840.8 65.388 517.97 -84.716 0.46825 -0.39762 -0.78908 -0.88073 -0.13817 -0.45301 0.071101 0.90709 -0.41489
3850.8 66.227 520.3 -84.849 0.46746 -0.39907 -0.78882 -0.88163 -0.14501 -0.4491 0.06484 0.90538 -0.41962
3860.8 66.277 522.28 -84.558 0.46709 -0.39742 -0.78987 -0.8822 -0.14926 -0.44659 0.059589 0.90542 -0.42032
3870.8 68.01 523.43 -84.584 0.46887 -0.40169 -0.78664 -0.88115 -0.15107 -0.44806 0.061147 0.90323 -0.42478
3880.8 70.19 525.06 -84.747 0.46616 -0.40831 -0.78484 -0.88244 -0.15121 -0.44546 0.06321 0.90023 -0.4308
3890.8 72.052 526.9 -84.74 0.46534 -0.41277 -0.783 -0.88289 -0.15345 -0.44381 0.063043 0.89782 -0.43583
3900.8 73.332 526.53 -84.965 0.45277 -0.41494 -0.78919 -0.88896 -0.14163 -0.43554 0.068947 0.89876 -0.43299
3910.8 75.857 529.4 -84.671 0.45698 -0.42288 -0.78252 -0.88691 -0.14984 -0.43697 0.067534 0.89371 -0.44353
3920.8 77.983 530.85 -84.804 0.45222 -0.42818 -0.7824 -0.88935 -0.15017 -0.43186 0.06742 0.89113 -0.44871
3930.8 80.119 531.76 -84.816 0.44795 -0.43292 -0.78225 -0.89132 -0.14786 -0.42858 0.069877 0.88922 -0.45211
3940.8 82.415 533.15 -84.879 0.44508 -0.43751 -0.78134 -0.89278 -0.14896 -0.42516 0.069625 0.88679 -0.4569
3950.8 84.662 534.07 -84.848 0.44322 -0.44018 -0.78089 -0.89358 -0.14773 -0.42391 0.071232 0.88567 -0.45882
3960.8 86.934 532.75 -84.38 0.45209 -0.43994 -0.77593 -0.88834 -0.14361 -0.43616 0.08045 0.88647 -0.45574
3970.8 89.738 532.5 -84.215 0.45433 -0.44206 -0.77341 -0.88649 -0.13874 -0.44146 0.087849 0.88619 -0.45492
3980.8 91.696 533.37 -84.222 0.45331 -0.44022 -0.77506 -0.88707 -0.13763 -0.44065 0.08731 0.88728 -0.4529
3990.8 97.173 530.89 -83.895 0.46827 -0.4491 -0.76094 -0.87689 -0.13042 -0.46265 0.10853 0.88391 -0.45489
4000.8 94.395 539 -84.844 0.42809 -0.43542 -0.79193 -0.90113 -0.13915 -0.41062 0.068596 0.88941 -0.45193
4010.8 97.152 536.89 -84.367 0.43693 -0.43676 -0.78634 -0.89575 -0.13159 -0.42463 0.081988 0.8899 -0.44872
4020.8 98.573 540.6 -84.82 0.41796 -0.43828 -0.79575 -0.90576 -0.13347 -0.40222 0.070076 0.88887 -0.45276
4030.8 100.43 541.58 -84.805 0.41474 -0.43949 -0.79676 -0.90723 -0.13218 -0.39933 0.070188 0.88847 -0.45354
4040.8 102.22 542.34 -84.81 0.41349 -0.44129 -0.79642 -0.90768 -0.13092 -0.39871 0.071682 0.88776 -0.45469
4050.8 103.85 543.1 -84.719 0.41476 -0.44291 -0.79486 -0.90692 -0.13025 -0.40065 0.073918 0.88705 -0.45571
4060.8 105.9 545.64 -84.865 0.42311 -0.44408 -0.78979 -0.9033 -0.13848 -0.40605 0.070951 0.88522 -0.45973
4070.8 107.22 547.1 -84.837 0.42819 -0.44533 -0.78634 -0.90085 -0.14141 -0.41046 0.071596 0.88413 -0.46173
4080.8 106.68 545.03 -84.902 0.41673 -0.44269 -0.79396 -0.90517 -0.1217 -0.40725 0.083659 0.88838 -0.45142
4090.8 109.17 549.79 -84.752 0.43616 -0.448 -0.78043 -0.89665 -0.1431 -0.41897 0.076021 0.88251 -0.46411
4100.8 108.32 547.88 -84.867 0.42316 -0.44599 -0.78869 -0.90188 -0.1239 -0.41383 0.086849 0.88642 -0.45466
4110.8 109.41 549.67 -84.569 0.42794 -0.45079 -0.78336 -0.89942 -0.12712 -0.41818 0.088928 0.88353 -0.45985
4120.8 109.37 550.67 -84.466 0.42915 -0.45117 -0.78248 -0.89849 -0.12462 -0.42092 0.092395 0.88369 -0.45886
4130.8 108.94 552.99 -84.561 0.42849 -0.45119 -0.78283 -0.8991 -0.12701 -0.41892 0.089581 0.88335 -0.46008
4140.8 109.74 553.14 -84.519 0.43758 -0.45492 -0.77561 -0.8937 -0.12492 -0.43093 0.099149 0.88173 -0.46122
4150.8 108.4 555.14 -84.509 0.44046 -0.45156 -0.77594 -0.8927 -0.12851 -0.43195 0.095334 0.88294 -0.45971
4160.8 107.19 558.05 -84.681 0.43882 -0.45025 -0.77763 -0.89409 -0.13242 -0.42787 0.089666 0.88303 -0.46067
4170.8 106.87 558.99 -84.667 0.44694 -0.4509 -0.77262 -0.8897 -0.13405 -0.43643 0.093213 0.88245 -0.46107
4180.8 105.16 561.36 -84.73 0.44871 -0.44753 -0.77355 -0.8893 -0.13798 -0.43602 0.088399 0.88356 -0.4599
4190.8 103.68 563.41 -84.752 0.45221 -0.44492 -0.77302 -0.88785 -0.14198 -0.43767 0.084976 0.88425 -0.45923
4200.8 102.91 563.33 -84.498 0.4641 -0.4442 -0.76635 -0.88091 -0.14082 -0.45185 0.092795 0.88479 -0.45666
4210.8 101.26 564.84 -84.504 0.4684 -0.44177 -0.76514 -0.8787 -0.14263 -0.45557 0.092129 0.88572 -0.45499
4220.8 100.08 570.22 -84.758 0.48989 -0.43831 -0.75358 -0.86818 -0.16681 -0.46737 0.079149 0.88321 -0.46226
4230.8 98.316 571.55 -84.724 0.49418 -0.43674 -0.75169 -0.86556 -0.16646 -0.47233 0.081161 0.88405 -0.46029
4240.8 95.974 569.64 -84.454 0.48164 -0.43693 -0.75968 -0.87139 -0.14648 -0.46822 0.093303 0.88749 -0.45129
4250.8 89.729 577.84 -84.936 0.45648 -0.42435 -0.78202 -0.88785 -0.16009 -0.43138 0.057863 0.89123 -0.44984
4260.8 90.512 576.28 -84.893 0.47544 -0.43127 -0.76679 -0.87628 -0.15476 -0.45628 0.078113 0.88885 -0.45149
4270.8 88.905 577.21 -84.908 0.48163 -0.43128 -0.7629 -0.87247 -0.15386 -0.46382 0.082656 0.889 -0.45038
4280.8 86.999 578.42 -84.845 0.48891 -0.42946 -0.75929 -0.86819 -0.15487 -0.47144 0.084877 0.88971 -0.44857
4290.8 86.04 576.98 -84.363 0.50654 -0.42877 -0.74805 -0.85652 -0.15063 -0.49365 0.098981 0.89077 -0.44355
4300.8 83.849 578.59 -84.45 0.51202 -0.42549 -0.74618 -0.8534 -0.15319 -0.49824 0.097685 0.8919 -0.44155
4310.8 81.606 579.69 -84.418 0.51672 -0.4221 -0.74487 -0.85046 -0.15284 -0.50335 0.098622 0.89357 -0.43795
4320.8 78.665 582.88 -84.712 0.50977 -0.41963 -0.75103 -0.85535 -0.15365 -0.49474 0.092216 0.8946 -0.43726
4330.8 76.747 583.81 -84.738 0.51629 -0.41682 -0.74814 -0.85126 -0.15404 -0.50163 0.093842 0.89584 -0.43435
4340.8 73.756 585.37 -84.72 0.51764 -0.41065 -0.75061 -0.85079 -0.15417 -0.50238 0.09058 0.89867 -0.42918
4350.8 71.403 586.24 -84.672 0.5216 -0.40671 -0.75002 -0.84819 -0.1521 -0.50739 0.092283 0.90081 -0.4243
4360.8 69.635 585.04 -84.226 0.53558 -0.40164 -0.74286 -0.83842 -0.1477 -0.52462 0.10099 0.90381 -0.41585
4370.8 67.098 586.13 -84.21 0.53964 -0.39617 -0.74286 -0.83591 -0.14716 -0.52876 0.10016 0.90631 -0.41058
4380.8 64.414 587.16 -84.262 0.5431 -0.39032 -0.74343 -0.83384 -0.14661 -0.53218 0.098724 0.90893 -0.40509
4390.8 60.092 591.27 -84.76 0.53293 -0.38155 -0.75525 -0.84203 -0.15114 -0.51782 0.083428 0.91191 -0.40183
4400.8 57.47 592.44 -84.844 0.53626 -0.37654 -0.75541 -0.84003 -0.15084 -0.52115 0.082284 0.91404 -0.39719
4410.8 55.722 592.77 -84.868 0.544 -0.37438 -0.75093 -0.83466 -0.14966 -0.53005 0.086056 0.91512 -0.39389
4420.8 53.629 593.96 -84.858 0.54889 -0.37247 -0.74832 -0.83141 -0.15068 -0.53483 0.086456 0.91573 -0.39238
4430.8 52.646 592.97 -84.44 0.56421 -0.37222 -0.73696 -0.81997 -0.14824 -0.55289 0.096553 0.91623 -0.38885
4440.8 50.748 594.63 -84.458 0.56654 -0.37316 -0.7347 -0.8183 -0.14977 -0.55494 0.097043 0.9156 -0.39021
4450.8 49.075 598.32 -84.768 0.57797 -0.37306 -0.72579 -0.81105 -0.16418 -0.56147 0.090299 0.91317 -0.39746
4460.7 47.148 599.33 -84.864 0.56502 -0.3776 -0.73361 -0.81983 -0.15684 -0.5507 0.092883 0.91259 -0.39819
4470.7 45.967 601.05 -84.805 0.57077 -0.37896 -0.72843 -0.81586 -0.16155 -0.55523 0.092729 0.9112 -0.40138
4480.7 44.988 602.73 -84.785 0.57672 -0.38019 -0.72308 -0.81165 -0.16612 -0.56002 0.092792 0.90987 -0.40439
4490.7 45.228 603.66 -84.803 0.58708 -0.38416 -0.71257 -0.80342 -0.16859 -0.57104 0.099236 0.90775 -0.40762
4500.7 40.848 608.73 -84.754 0.57809 -0.37271 -0.72588 -0.81258 -0.18185 -0.55376 0.074388 0.90996 -0.40798
4510.7 40.454 610.52 -84.716 0.58438 -0.37261 -0.72087 -0.80824 -0.18804 -0.55802 0.072371 0.90874 -0.41104
4520.7 38.91 613.28 -84.627 0.58306 -0.36878 -0.72391 -0.80995 -0.1942 -0.55342 0.063507 0.909 -0.41192
4530.7 41.739 612.31 -84.6 0.59786 -0.37677 -0.70754 -0.7977 -0.19265 -0.57145 0.078993 0.90605 -0.41573
4540.7 41.315 615.25 -84.825 0.60074 -0.37289 -0.70715 -0.79617 -0.19908 -0.57139 0.072287 0.90627 -0.41648
4550.7 40.921 616.62 -84.814 0.59628 -0.37162 -0.71158 -0.79958 -0.19592 -0.5677 0.07156 0.90748 -0.41397
4560.7 40.823 618.75 -84.902 0.59582 -0.36908 -0.71329 -0.80015 -0.19654 -0.56668 0.068959 0.90838 -0.41243
4570.7 40.999 620.85 -84.64 0.59313 -0.36974 -0.71519 -0.80229 -0.19715 -0.56344 0.06733 0.90798 -0.41357
4580.7 41.281 623.71 -84.983 0.5929 -0.36502 -0.71779 -0.80287 -0.1991 -0.56193 0.062205 0.90946 -0.41111
4590.7 41.357 624.79 -84.664 0.58659 -0.36506 -0.72294 -0.8074 -0.19374 -0.55729 0.063375 0.9106 -0.40839
4600.7 41.808 626.84 -85.024 0.58263 -0.36077 -0.72828 -0.81049 -0.19133 -0.55363 0.060392 0.91282 -0.40387
4610.7 42.268 628.65 -84.748 0.57775 -0.36115 -0.73196 -0.81414 -0.19119 -0.54828 0.058068 0.9127 -0.40449
4620.7 43.05 630.66 -84.863 0.57346 -0.36013 -0.73584 -0.81739 -0.1912 -0.54343 0.055015 0.9131 -0.40401
4630.7 44.034 632.41 -84.838 0.56913 -0.35994 -0.73928 -0.82052 -0.19032 -0.53901 0.053317 0.91336 -0.40365
4640.7 45.041 634.11 -84.899 0.56434 -0.35968 -0.74306 -0.82397 -0.18986 -0.53389 0.050951 0.91356 -0.40351
4650.7 46.343 635.62 -84.922 0.56008 -0.36047 -0.74591 -0.82695 -0.18927 -0.52946 0.049681 0.91337 -0.40409
4660.7 47.863 637.45 -85.032 0.55634 -0.36182 -0.74805 -0.82964 -0.19115 -0.52456 0.046806 0.91244 -0.40652
4670.7 49.308 638.6 -85.035 0.55074 -0.36319 -0.75152 -0.83342 -0.18989 -0.51899 0.045787 0.91216 -0.40727
4680.7 50.813 639.63 -84.97 0.54651 -0.36405 -0.75419 -0.83621 -0.18819 -0.5151 0.045591 0.91217 -0.40727
4690.7 52.384 640.93 -84.986 0.54255 -0.36487 -0.75665 -0.83888 -0.18837 -0.51068 0.043802 0.9118 -0.40828
4700.7 53.564 640.67 -84.659 0.54517 -0.36151 -0.75637 -0.83707 -0.18537 -0.51474 0.045879 0.91375 -0.40367
4710.7 54.829 641.55 -84.613 0.54051 -0.36049 -0.76019 -0.84013 -0.18293 -0.5106 0.045002 0.91465 -0.40174
4720.7 56.318 642.29 -84.578 0.53621 -0.36052 -0.76322 -0.84286 -0.17994 -0.50716 0.045508 0.91523 -0.40035
4730.7 57.717 643.22 -84.651 0.53027 -0.36104 -0.76711 -0.84661 -0.17706 -0.50189 0.045376 0.91558 -0.39956
4740.7 59.467 643.77 -84.693 0.52492 -0.36362 -0.76957 -0.84985 -0.17397 -0.49749 0.047012 0.91516 -0.40034
4750.7 61.389 643.99 -84.656 0.51936 -0.36796 -0.77128 -0.85302 -0.16914 -0.49371 0.051208 0.91433 -0.40172
4760.7 63.441 644.3 -84.715 0.51393 -0.37369 -0.77216 -0.85608 -0.16597 -0.48946 0.05475 0.91258 -0.4052
4770.7 66.514 644.32 -85.029 0.5094 -0.38399 -0.7701 -0.8583 -0.16228 -0.48682 0.061958 0.90896 -0.41224
4780.7 68.502 644.33 -85.018 0.50656 -0.38965 -0.76914 -0.85963 -0.15936 -0.48542 0.066574 0.90707 -0.41569
4790.7 70.564 643.93 -84.916 0.50581 -0.39526 -0.76676 -0.85955 -0.15575 -0.48674 0.072967 0.90527 -0.41852
4800.7 72.736 643.51 -84.892 0.50837 -0.40011 -0.76254 -0.8576 -0.15506 -0.49039 0.07797 0.90325 -0.42197
4810.7 74.542 643.3 -84.852 0.5086 -0.40426 -0.76019 -0.85707 -0.15343 -0.49183 0.082193 0.90168 -0.42452
4820.7 76.188 643.42 -84.869 0.51057 -0.40681 -0.75751 -0.85578 -0.15497 -0.49358 0.083401 0.90027 -0.42727
4830.7 77.644 643.05 -84.718 0.51109 -0.40919 -0.75587 -0.8552 -0.15404 -0.49487 0.086063 0.89935 -0.42867
4840.7 78.959 643.45 -84.822 0.51024 -0.40994 -0.75605 -0.85589 -0.15587 -0.49311 0.084297 0.8987 -0.4304
4850.7 80.898 641.45 -84.487 0.51906 -0.41079 -0.74955 -0.84952 -0.15123 -0.50541 0.094263 0.8991 -0.42747
4860.7 81.933 641.48 -84.573 0.52041 -0.40877 -0.74972 -0.84874 -0.15105 -0.50678 0.09391 0.90005 -0.42555
4870.7 81.088 643.11 -84.707 0.50965 -0.40141 -0.76101 -0.85626 -0.15012 -0.49425 0.08416 0.90351 -0.42022
4880.7 81.25 642.8 -84.616 0.5125 -0.39555 -0.76216 -0.85459 -0.1483 -0.49768 0.083828 0.90639 -0.41403
4890.7 81.593 643.01 -84.678 0.51032 -0.39275 -0.76506 -0.85587 -0.14501 -0.49645 0.084044 0.90814 -0.41014
4900.7 80.95 644.1 -84.716 0.50387 -0.38813 -0.77167 -0.86006 -0.14255 -0.48989 0.080144 0.91051 -0.40564
4910.7 81.254 644.19 -84.743 0.50299 -0.38761 -0.7725 -0.86025 -0.13822 -0.49078 0.083455 0.9114 -0.40296
4920.7 81.135 644.79 -84.817 0.50071 -0.3872 -0.77419 -0.86137 -0.13435 -0.4899 0.08567 0.91216 -0.40079
4930.7 81.322 645.15 -84.862 0.50098 -0.38893 -0.77315 -0.86069 -0.1302 -0.49221 0.090772 0.91202 -0.39997
4940.7 80.957 646.07 -84.878 0.50117 -0.38946 -0.77275 -0.86037 -0.12861 -0.49318 0.092695 0.91202 -0.39953
4950.7 81.121 646.51 -84.9 0.50375 -0.39319 -0.76918 -0.8582 -0.12608 -0.4976 0.098673 0.91077 -0.40095
4960.7 79.918 648.8 -85.026 0.50054 -0.39337 -0.77118 -0.86055 -0.12894 -0.49278 0.094405 0.91029 -0.40306
4970.7 79.465 650.3 -85.018 0.50355 -0.39593 -0.7679 -0.85886 -0.13289 -0.49468 0.09381 0.90861 -0.40696
4980.7 81.492 648.69 -84.764 0.52303 -0.40422 -0.75036 -0.84539 -0.13402 -0.51707 0.10844 0.90479 -0.41182
4990.7 81.225 650.14 -84.678 0.52842 -0.40681 -0.74517 -0.84221 -0.14054 -0.52051 0.10702 0.90264 -0.41689
5000.7 80.615 652.29 -84.739 0.53487 -0.40706 -0.74041 -0.83895 -0.15178 -0.52261 0.10035 0.9007 -0.42269
5010.7 80.07 654.16 -84.676 0.54158 -0.40695 -0.73558 -0.83528 -0.16179 -0.52548 0.094837 0.89901 -0.42754
5020.7 79.124 656.63 -84.728 0.5473 -0.40459 -0.73265 -0.83254 -0.17351 -0.5261 0.085736 0.89789 -0.4318
5030.7 78.297 658.87 -84.72 0.55257 -0.40247 -0.72985 -0.82978 -0.18339 -0.5271 0.078298 0.89687 -0.4353
5040.7 77.473 660.95 -84.724 0.55704 -0.39952 -0.72807 -0.82729 -0.19011 -0.52863 0.072783 0.8968 -0.43641
5050.7 76.804 663.01 -84.756 0.56164 -0.39629 -0.7263 -0.82459 -0.19612 -0.53064 0.067843 0.89693 -0.43693
5060.7 76.202 665.13 -84.733 0.56331 -0.39372 -0.72641 -0.82373 -0.19909 -0.53088 0.064401 0.89741 -0.43647
5070.7 76.367 666 -84.586 0.56815 -0.39248 -0.7233 -0.82009 -0.19716 -0.5372 0.068234 0.89838 -0.43388
5080.7 76.214 667.65 -84.608 0.56929 -0.39014 -0.72367 -0.81934 -0.1967 -0.53851 0.067755 0.8995 -0.43164
5090.7 75.349 670.06 -84.65 0.56523 -0.38569 -0.72922 -0.82261 -0.19719 -0.53332 0.061902 0.90131 -0.42873
5100.7 75.342 671.92 -84.647 0.56379 -0.38324 -0.73162 -0.82375 -0.19681 -0.5317 0.059783 0.90244 -0.42665
5110.7 76.254 672.69 -84.615 0.56583 -0.38302 -0.73016 -0.82215 -0.19498 -0.53484 0.062488 0.90293 -0.42523
5120.7 74.839 676.44 -84.699 0.55601 -0.37606 -0.74124 -0.8298 -0.19989 -0.52103 0.047772 0.90478 -0.42319
5130.7 75.107 678.17 -84.756 0.55417 -0.37362 -0.74384 -0.83118 -0.19995 -0.5188 0.045106 0.90577 -0.42135
5140.7 75.572 680.11 -84.746 0.55176 -0.37217 -0.74636 -0.83295 -0.20109 -0.51551 0.041777 0.90612 -0.42095
5150.7 75.308 682.31 -84.792 0.54569 -0.36868 -0.75253 -0.83721 -0.20101 -0.50861 0.036246 0.90756 -0.41835
5160.7 77.715 686.31 -86.679 0.54526 -0.37924 -0.74757 -0.83789 -0.22004 -0.49951 0.02494 0.89875 -0.43775
5170.7 76.806 685.89 -84.793 0.53996 -0.36851 -0.75674 -0.84105 -0.20114 -0.50217 0.032841 0.9076 -0.41854
5180.7 284.26 775.44 127.54 -0.32751 -0.683 0.65288 0.67495 -0.65267 -0.3442 0.6612 0.32793 0.67474
5190.7 78.934 688.41 -84.862 0.53692 -0.3697 -0.75831 -0.843 -0.20033 -0.49921 0.032645 0.9073 -0.41922
5200.7 80.908 688.99 -84.892 0.53903 -0.37278 -0.75531 -0.84151 -0.19992 -0.50189 0.036094 0.90613 -0.42146
5210.7 82.411 689.64 -84.889 0.53762 -0.3749 -0.75526 -0.84237 -0.19935 -0.50068 0.037143 0.90538 -0.42298
5220.7 83.322 692.6 -85.203 0.52715 -0.37623 -0.76195 -0.84932 -0.20404 -0.48685 0.027697 0.90378 -0.4271
5230.7 84.76 693.6 -85.176 0.52329 -0.37838 -0.76354 -0.85174 -0.20444 -0.48243 0.026444 0.90279 -0.42927
5240.7 86.244 694.6 -85.207 0.51962 -0.38069 -0.7649 -0.85404 -0.20555 -0.47788 0.024694 0.90157 -0.43193
5250.7 87.615 695.21 -85.159 0.51618 -0.38304 -0.76606 -0.85616 -0.20614 -0.47381 0.023572 0.90044 -0.43435
5260.7 89.217 695.83 -85.201 0.51282 -0.38595 -0.76685 -0.8582 -0.20683 -0.46981 0.022715 0.89904 -0.43729
5270.7 91.213 695.69 -85.137 0.51319 -0.38894 -0.76509 -0.85791 -0.20646 -0.47049 0.025029 0.89783 -0.43962
5280.7 92.649 696.04 -85.189 0.51191 -0.38936 -0.76573 -0.85873 -0.20823 -0.46821 0.022856 0.89724 -0.44095
5290.7 93.869 696.09 -85.146 0.50937 -0.38864 -0.76779 -0.86027 -0.20735 -0.46576 0.021812 0.89775 -0.43996
5300.7 95.102 696.67 -85.313 0.5071 -0.38625 -0.7705 -0.86172 -0.20933 -0.4622 0.017234 0.89833 -0.43899
5310.7 95.846 695.68 -85.122 0.50919 -0.38118 -0.77164 -0.86048 -0.20728 -0.46542 0.017465 0.90096 -0.43354
5320.7 97.011 695.27 -85.142 0.5065 -0.379 -0.77448 -0.86208 -0.20519 -0.46337 0.016701 0.90236 -0.43065
5330.7 98.015 695.79 -85.278 0.49583 -0.37897 -0.78137 -0.86833 -0.20334 -0.45239 0.012558 0.90279 -0.42989
5340.7 99.197 695.06 -85.332 0.49106 -0.37867 -0.78452 -0.87103 -0.19987 -0.44873 0.013116 0.9037 -0.42798
5350.7 100.33 694.16 -85.291 0.48679 -0.37904 -0.787 -0.87339 -0.19578 -0.44594 0.014951 0.90443 -0.42636
5360.7 101.27 693.51 -85.337 0.48278 -0.37884 -0.78956 -0.87562 -0.19414 -0.44226 0.014258 0.90487 -0.42545
5370.7 102.4 692.41 -85.352 0.48033 -0.38024 -0.79038 -0.87692 -0.19047 -0.44129 0.017253 0.90506 -0.42493
5380.7 103.36 691.84 -85.454 0.47971 -0.38066 -0.79055 -0.87728 -0.1919 -0.43994 0.015755 0.90458 -0.42601
5390.7 104.61 690.38 -85.445 0.48014 -0.38327 -0.78903 -0.87695 -0.1884 -0.44212 0.020793 0.90422 -0.42656
5400.7 105.6 689.12 -85.421 0.47983 -0.38526 -0.78825 -0.87703 -0.18586 -0.44304 0.024177 0.9039 -0.42706
5410.7 106.64 688.18 -85.474 0.48042 -0.38707 -0.787 -0.87664 -0.18476 -0.44427 0.026557 0.90335 -0.42808
5420.7 107.33 686.7 -85.462 0.48038 -0.38769 -0.78672 -0.87658 -0.18255 -0.44529 0.029017 0.90353 -0.42753
5430.7 107.96 685.3 -85.482 0.48051 -0.38791 -0.78653 -0.87644 -0.18065 -0.44634 0.031056 0.90382 -0.42679
5440.7 106.01 685.77 -85.235 0.47048 -0.37941 -0.79668 -0.88218 -0.18152 -0.43452 0.020246 0.90725 -0.42011
5450.7 107.59 682.96 -85.292 0.47791 -0.38159 -0.79119 -0.87789 -0.17667 -0.44507 0.03006 0.90729 -0.41943
5460.6 107.22 682.28 -85.344 0.47475 -0.37776 -0.79493 -0.87972 -0.1764 -0.44156 0.026584 0.90894 -0.41607
5470.6 107.18 680.86 -85.308 0.47319 -0.37524 -0.79705 -0.88052 -0.17302 -0.4413 0.027689 0.91063 -0.41228
5480.6 109.53 677.06 -85.4 0.48331 -0.38055 -0.78841 -0.87435 -0.16465 -0.45652 0.043913 0.90999 -0.41231
5490.6 109.7 675.44 -85.431 0.4833 -0.37915 -0.78909 -0.87423 -0.16137 -0.45791 0.046282 0.91116 -0.40945
5500.6 109.93 673.72 -85.413 0.48346 -0.37828 -0.78941 -0.87394 -0.15699 -0.45999 0.050076 0.91228 -0.40649
5510.6 110.25 671.94 -85.393 0.48378 -0.37817 -0.78926 -0.87351 -0.15278 -0.46221 0.054215 0.91304 -0.40425
5520.6 110.59 670.3 -85.376 0.4853 -0.37801 -0.78841 -0.87241 -0.14934 -0.4654 0.058182 0.91368 -0.40225
5530.6 111.02 668.57 -85.324 0.4865 -0.37854 -0.78742 -0.87138 -0.14491 -0.46871 0.063322 0.91417 -0.40035
5540.6 111.39 666.76 -85.21 0.48768 -0.37902 -0.78646 -0.87026 -0.1394 -0.47246 0.069438 0.91483 -0.39782
5550.6 111.93 665.37 -85.265 0.48911 -0.37997 -0.78511 -0.86907 -0.13583 -0.47568 0.074101 0.91497 -0.39665
5560.6 112.55 663.77 -85.211 0.49038 -0.38133 -0.78366 -0.8678 -0.13075 -0.4794 0.080348 0.91515 -0.39503
5570.6 113.32 662.78 -85.313 0.49077 -0.38351 -0.78235 -0.86728 -0.12902 -0.4808 0.083457 0.91448 -0.39593
5580.6 114.33 661.96 -85.338 0.49083 -0.38589 -0.78114 -0.86698 -0.1276 -0.48173 0.08622 0.91368 -0.39719
5590.6 115.14 661.14 -85.263 0.49124 -0.38734 -0.78016 -0.86665 -0.12776 -0.48228 0.087132 0.91304 -0.39845
5600.6 115.85 660.68 -85.269 0.48996 -0.38741 -0.78093 -0.86754 -0.12878 -0.48041 0.085546 0.91287 -0.39919
5610.6 115.22 661.4 -85.139 0.48675 -0.38054 -0.7863 -0.87026 -0.1333 -0.47422 0.075642 0.91511 -0.39605
5620.6 116.2 660.69 -85.064 0.48925 -0.37827 -0.78584 -0.86885 -0.13319 -0.47682 0.075704 0.91606 -0.39382
5630.6 117.04 660.46 -85.011 0.4911 -0.37444 -0.78652 -0.86795 -0.13358 -0.47835 0.074055 0.91758 -0.3906
5640.6 118.78 660.68 -85.292 0.49195 -0.37357 -0.78641 -0.86739 -0.13247 -0.47968 0.075022 0.91809 -0.3892
5650.6 119.49 660.78 -85.291 0.48959 -0.3702 -0.78946 -0.86875 -0.12954 -0.47802 0.074697 0.91988 -0.38503
5660.6 120.45 661.16 -85.276 0.48824 -0.36713 -0.79173 -0.86949 -0.12673 -0.47742 0.074943 0.92149 -0.38109
5670.6 122.17 661.8 -85.37 0.48432 -0.36801 -0.79372 -0.87158 -0.1241 -0.47429 0.076047 0.9215 -0.38085
5680.6 123.26 660.61 -84.884 0.48882 -0.36842 -0.79077 -0.86835 -0.11847 -0.48159 0.083748 0.92208 -0.37783
5690.6 124.68 663.16 -85.301 0.478 -0.37235 -0.79553 -0.87485 -0.12097 -0.46904 0.078416 0.92017 -0.38357
5700.6 126.43 664.22 -85.299 0.47535 -0.37694 -0.79496 -0.87621 -0.1213 -0.46642 0.07938 0.91826 -0.38793
5710.6 128.31 665.34 -85.238 0.47584 -0.38203 -0.79223 -0.87579 -0.12285 -0.46679 0.081002 0.91595 -0.39303
5720.6 130.08 666.56 -85.15 0.47795 -0.38725 -0.78842 -0.87454 -0.12593 -0.46831 0.082065 0.91334 -0.39885
5730.6 132.08 668.21 -85.162 0.47974 -0.39271 -0.78462 -0.87359 -0.13035 -0.46889 0.08186 0.91038 -0.4056
5740.6 134.88 672.29 -85.296 0.49293 -0.39822 -0.77359 -0.8668 -0.14778 -0.47625 0.075332 0.90531 -0.41803
5750.6 135.45 671.57 -85.124 0.48741 -0.40091 -0.77569 -0.8693 -0.13918 -0.4743 0.082192 0.90548 -0.41635
5760.6 136.98 673.38 -85.126 0.49064 -0.40437 -0.77185 -0.86749 -0.14325 -0.47638 0.082067 0.90331 -0.42107
5770.6 138.97 676.34 -85.258 0.49834 -0.40725 -0.76537 -0.86338 -0.15275 -0.48088 0.078933 0.90045 -0.42774
5780.6 139.8 676.75 -84.943 0.49746 -0.41001 -0.76448 -0.86347 -0.14933 -0.48178 0.083378 0.89977 -0.42832
5790.6 141.07 678.66 -84.968 0.50001 -0.41153 -0.76199 -0.86211 -0.15302 -0.48306 0.08219 0.89846 -0.43129
5800.6 144.02 677.89 -84.718 0.51364 -0.41672 -0.75001 -0.8527 -0.15087 -0.50014 0.095269 0.89643 -0.43283
5810.6 143.73 682.2 -84.966 0.50253 -0.41427 -0.75884 -0.86066 -0.15643 -0.48455 0.082026 0.89661 -0.43516
5820.6 144.96 684.24 -85.056 0.50346 -0.41482 -0.75793 -0.86033 -0.15967 -0.4841 0.079798 0.89579 -0.43727
5830.6 146.12 685.97 -85.066 0.50376 -0.41492 -0.75767 -0.86024 -0.1609 -0.48384 0.078847 0.89551 -0.43799
5840.6 147.48 687.5 -85.042 0.50448 -0.41556 -0.75684 -0.85984 -0.16209 -0.48414 0.078511 0.89501 -0.43909
5850.6 148.72 689.5 -85.141 0.50455 -0.41566 -0.75675 -0.86013 -0.16592 -0.48234 0.074931 0.89426 -0.44123
5860.6 150.01 690.92 -85.156 0.50407 -0.41589 -0.75693 -0.86055 -0.16749 -0.48105 0.073283 0.89386 -0.44232
5870.6 151.66 692.97 -85.195 0.50529 -0.41791 -0.75501 -0.86013 -0.17315 -0.4798 0.069786 0.89184 -0.44694
5880.6 154.32 692.01 -84.928 0.51607 -0.42186 -0.74546 -0.85282 -0.17195 -0.49308 0.079825 0.89021 -0.44851
5890.6 154.68 695.82 -85.213 0.50488 -0.42121 -0.75344 -0.86065 -0.17875 -0.47679 0.066154 0.88917 -0.45276
5900.6 157.26 694.88 -84.877 0.51564 -0.42448 -0.74426 -0.85347 -0.17796 -0.4898 0.075462 0.88777 -0.45405
5910.6 157.93 698.01 -85.194 0.50462 -0.4246 -0.75172 -0.86089 -0.18186 -0.47519 0.065057 0.88693 -0.4573
5920.6 159.33 699.16 -85.106 0.50437 -0.42515 -0.75157 -0.86116 -0.18379 -0.47395 0.063362 0.88627 -0.45882
5930.6 161.18 699.94 -85.136 0.50323 -0.42734 -0.75109 -0.8618 -0.18401 -0.4727 0.063797 0.88516 -0.46088
5940.6 163.13 700.9 -85.189 0.49888 -0.42963 -0.75269 -0.86442 -0.18404 -0.46788 0.062488 0.88405 -0.46319
5950.6 164.93 701.35 -85.179 0.49631 -0.43139 -0.75338 -0.86585 -0.18295 -0.46565 0.063041 0.88342 -0.46432
5960.6 166.39 701.62 -85.158 0.49419 -0.432 -0.75442 -0.86708 -0.18215 -0.46369 0.062893 0.88329 -0.46459
5970.6 168.15 701.93 -85.144 0.49123 -0.4336 -0.75543 -0.86875 -0.18122 -0.4609 0.062949 0.88269 -0.46571
5980.6 170.24 702.01 -85.169 0.48919 -0.43575 -0.75552 -0.86981 -0.17998 -0.45938 0.064199 0.88189 -0.46707
5990.6 171.88 701.81 -85.17 0.48602 -0.43702 -0.75683 -0.87155 -0.1783 -0.45674 0.064661 0.8816 -0.46754
6000.6 173.48 701.67 -85.167 0.48435 -0.43773 -0.75749 -0.87245 -0.17737 -0.45537 0.064974 0.88144 -0.46781
6010.6 174.65 701.24 -85.095 0.48223 -0.43701 -0.75926 -0.87367 -0.17622 -0.45348 0.064382 0.88202 -0.46679
6020.6 175.94 700.8 -85.085 0.48076 -0.43599 -0.76078 -0.8745 -0.17493 -0.45238 0.064146 0.88279 -0.46537
6030.6 177.37 700.25 -85.098 0.47786 -0.43529 -0.763 -0.87609 -0.17275 -0.45014 0.064134 0.88356 -0.46391
6040.6 178.38 699.39 -85.064 0.4768 -0.43302 -0.76495 -0.87663 -0.17028 -0.45002 0.064617 0.88515 -0.46079
6050.6 179.2 698.3 -85.045 0.47322 -0.43079 -0.76843 -0.87844 -0.16504 -0.44844 0.066364 0.88723 -0.45653
6060.6 180.04 697.09 -85.045 0.4704 -0.42889 -0.77122 -0.87979 -0.16001 -0.44763 0.068585 0.88907 -0.4526
6070.6 180.75 695.82 -85.052 0.4678 -0.42672 -0.774 -0.88103 -0.1555 -0.44677 0.070292 0.89092 -0.4487
6080.6 181.47 694.72 -85.226 0.46596 -0.42366 -0.77679 -0.88198 -0.15235 -0.44598 0.070598 0.89292 -0.44465
6090.6 182.19 693.7 -85.238 0.46513 -0.4223 -0.77802 -0.88248 -0.15182 -0.44518 0.069885 0.89365 -0.44329
6100.6 183.4 694 -85.209 0.47137 -0.42198 -0.77443 -0.87952 -0.15999 -0.44816 0.06521 0.89238 -0.44656
6110.6 182.64 689.95 -85.24 0.46035 -0.41758 -0.78339 -0.8848 -0.14415 -0.44311 0.072107 0.89714 -0.43583
6120.6 183.24 688.98 -85.304 0.46153 -0.41587 -0.78361 -0.88439 -0.14637 -0.44321 0.069619 0.89757 -0.43535
6130.6 183.27 686.72 -85.26 0.46068 -0.41353 -0.78534 -0.88474 -0.14337 -0.44349 0.070799 0.89913 -0.43192
6140.6 183.58 685.35 -85.33 0.46185 -0.41168 -0.78563 -0.88426 -0.1447 -0.44401 0.069108 0.89977 -0.43087
6150.6 183.85 683.75 -85.398 0.46424 -0.40939 -0.78542 -0.88311 -0.14599 -0.44588 0.067877 0.9006 -0.4293
6160.6 184.28 681.78 -85.345 0.46582 -0.40828 -0.78506 -0.8821 -0.14401 -0.44851 0.070059 0.90143 -0.42723
6170.6 184.64 680.1 -85.358 0.46705 -0.40708 -0.78495 -0.88142 -0.14358 -0.44998 0.070473 0.90204 -0.42586
6180.6 185 678.46 -85.37 0.46734 -0.40589 -0.7854 -0.88121 -0.14242 -0.45076 0.071099 0.90276 -0.42423
6190.6 185.46 676.64 -85.372 0.46658 -0.40526 -0.78617 -0.88152 -0.14047 -0.45076 0.072245 0.90334 -0.42279
6200.6 185.85 675.16 -85.438 0.4659 -0.40416 -0.78714 -0.88195 -0.14037 -0.44995 0.07136 0.90385 -0.42185
6210.6 186.4 673.48 -85.413 0.46517 -0.40335 -0.78799 -0.8823 -0.13894 -0.44972 0.071907 0.90444 -0.4205
6220.6 186.96 672.04 -85.42 0.46402 -0.4029 -0.7889 -0.88292 -0.13823 -0.44872 0.071738 0.90474 -0.41987
6230.6 187.66 670.43 -85.456 0.46402 -0.40212 -0.7893 -0.88287 -0.13723 -0.44911 0.07228 0.90524 -0.4187
6240.6 188.57 669.15 -85.405 0.46206 -0.40234 -0.79033 -0.88389 -0.13624 -0.44741 0.072332 0.9053 -0.41858
6250.6 189.17 668.21 -85.515 0.46323 -0.40099 -0.79033 -0.88338 -0.13741 -0.44805 0.071062 0.90572 -0.41788
6260.6 193.01 662.84 -85.139 0.48087 -0.40943 -0.77533 -0.87178 -0.12879 -0.47267 0.093676 0.9032 -0.41886
6270.6 193.63 662.43 -85.186 0.47635 -0.40905 -0.77831 -0.8746 -0.12941 -0.46726 0.090417 0.90329 -0.4194
6280.6 192.33 665.26 -85.547 0.4577 -0.40244 -0.79281 -0.88631 -0.13587 -0.44271 0.070442 0.90531 -0.41888
6290.6 195.94 660.78 -85.13 0.47222 -0.40977 -0.78045 -0.87695 -0.12871 -0.46303 0.089281 0.90306 -0.42013
6300.6 198.28 659.13 -85.052 0.47694 -0.41272 -0.77601 -0.87388 -0.12808 -0.46897 0.094161 0.90181 -0.42176
6310.6 200.09 658.18 -84.995 0.47855 -0.41381 -0.77444 -0.87281 -0.12789 -0.471 0.095866 0.90134 -0.42238
6320.6 201.21 658.2 -85.032 0.47459 -0.41304 -0.77728 -0.87535 -0.12887 -0.46599 0.092306 0.90155 -0.42271
6330.6 200.84 659.84 -85.109 0.46181 -0.40787 -0.78764 -0.88336 -0.13143 -0.44988 0.079975 0.90353 -0.421
6340.6 201.61 662.06 -85.427 0.44761 -0.40691 -0.79629 -0.89157 -0.13442 -0.43248 0.068945 0.90353 -0.42295
6350.6 203.31 661.82 -85.417 0.44321 -0.40852 -0.79792 -0.89376 -0.13291 -0.4284 0.068955 0.90302 -0.42402
6360.6 200.55 651.72 -85.369 0.3957 -0.39741 -0.82794 -0.91287 -0.071658 -0.4019 0.10039 0.91484 -0.39114
6370.6 207.18 661.77 -85.403 0.43566 -0.41301 -0.79976 -0.89737 -0.13004 -0.42168 0.07015 0.90139 -0.42728
6380.6 209.16 661.37 -85.229 0.43175 -0.41599 -0.80034 -0.89905 -0.1268 -0.41909 0.072851 0.90049 -0.42874
6390.6 211.11 661.54 -85.282 0.42786 -0.4188 -0.80097 -0.90095 -0.12668 -0.41503 0.072346 0.8992 -0.43152
6400.6 213.15 661.27 -85.218 0.42399 -0.42282 -0.80091 -0.90252 -0.12361 -0.41253 0.075424 0.89774 -0.43401
6410.6 219.44 655.59 -84.758 0.45176 -0.43949 -0.77638 -0.88552 -0.11505 -0.45014 0.10851 0.89085 -0.44115
6420.6 217.65 661.47 -85.204 0.41705 -0.43419 -0.79847 -0.90553 -0.12307 -0.40604 0.078035 0.89238 -0.4445
6430.6 220.06 660.76 -85.18 0.41067 -0.44022 -0.79847 -0.90804 -0.11814 -0.40189 0.08259 0.89008 -0.44825
6440.6 222.64 661.87 -85.161 0.41364 -0.44623 -0.79359 -0.90693 -0.12551 -0.40214 0.079844 0.88607 -0.45661
6450.5 223.07 659.34 -85.255 0.39943 -0.44604 -0.80094 -0.91269 -0.11117 -0.39325 0.086366 0.88809 -0.45149
6460.5 225.81 661.75 -85.223 0.41114 -0.45055 -0.79244 -0.90815 -0.12722 -0.39884 0.078882 0.88364 -0.46148
6470.5 227.43 661.59 -85.212 0.4093 -0.45187 -0.79265 -0.90899 -0.12687 -0.39705 0.078848 0.88302 -0.46267
6480.5 228.32 659.51 -85.274 0.39921 -0.44999 -0.79884 -0.91297 -0.11493 -0.3915 0.084365 0.88561 -0.45671
6490.5 230.48 661.14 -85.177 0.40456 -0.45274 -0.79458 -0.91112 -0.12482 -0.39278 0.07865 0.88286 -0.463
6500.5 231.75 660.86 -85.181 0.40035 -0.45231 -0.79696 -0.91305 -0.12298 -0.38887 0.077878 0.88334 -0.46221
6510.5 236.31 654.36 -84.58 0.42382 -0.46074 -0.77981 -0.8993 -0.11155 -0.42286 0.10784 0.8805 -0.46162
6520.5 238 653.26 -84.567 0.42068 -0.46304 -0.78014 -0.90027 -0.10694 -0.42199 0.11197 0.87986 -0.46185
6530.5 240.26 651.11 -84.37 0.42068 -0.46727 -0.77762 -0.89907 -0.10013 -0.42621 0.12129 0.87843 -0.46222
6540.5 236.59 657.19 -85.112 0.37862 -0.45543 -0.80575 -0.92167 -0.10584 -0.37326 0.084713 0.88396 -0.45983
6550.5 237.62 656.19 -85.113 0.37546 -0.45629 -0.80674 -0.92278 -0.10273 -0.37137 0.08658 0.88388 -0.45963
6560.5 238.82 655.52 -85.201 0.374 -0.45785 -0.80653 -0.92323 -0.10118 -0.37068 0.088109 0.88325 -0.46054
6570.5 239.66 654.32 -85.214 0.37118 -0.45931 -0.80701 -0.92417 -0.098257 -0.36914 0.090253 0.88283 -0.46094
6580.5 240.46 652.96 -85.247 0.36794 -0.46108 -0.80748 -0.9252 -0.094784 -0.36745 0.092891 0.88228 -0.46147
6590.5 240.31 649.81 -85.214 0.3553 -0.45999 -0.81374 -0.92948 -0.081569 -0.35973 0.099099 0.88417 -0.45654
6600.5 241.44 650.26 -85.227 0.36174 -0.46218 -0.80965 -0.92749 -0.090563 -0.3627 0.094307 0.88215 -0.46143
6610.5 241.6 648.91 -85.295 0.35791 -0.46176 -0.81159 -0.9291 -0.089422 -0.35886 0.093132 0.88249 -0.46103
6620.5 240.68 645.28 -85.16 0.34548 -0.45839 -0.81885 -0.93305 -0.074512 -0.35195 0.10032 0.88562 -0.45345
6630.5 241.2 645.89 -85.254 0.35301 -0.45869 -0.81547 -0.93089 -0.084662 -0.35536 0.093961 0.88455 -0.45688
6640.5 240.79 644.28 -85.209 0.35179 -0.45657 -0.81718 -0.93124 -0.082053 -0.35504 0.09505 0.88589 -0.45404
6650.5 239.83 642.38 -85.184 0.34751 -0.45385 -0.82052 -0.93267 -0.077019 -0.35241 0.096746 0.88774 -0.45006
6660.5 239.08 640.83 -85.247 0.34587 -0.45184 -0.82232 -0.9333 -0.075445 -0.35109 0.096598 0.8889 -0.44779
6670.5 241.06 644.26 -85.008 0.36652 -0.45879 -0.80942 -0.92682 -0.10367 -0.36092 0.081679 0.88248 -0.46321
6680.5 240.96 644.95 -84.985 0.37409 -0.45962 -0.80549 -0.92444 -0.11553 -0.36341 0.073971 0.88057 -0.46811
6690.5 240.05 643.97 -84.954 0.37501 -0.45878 -0.80554 -0.92428 -0.11826 -0.36294 0.071251 0.88065 -0.46839
6700.5 233.82 633.38 -85.21 0.33692 -0.44189 -0.83139 -0.93639 -0.065127 -0.34486 0.098244 0.8947 -0.43572
6710.5 233.2 633.29 -85.211 0.34441 -0.44287 -0.8278 -0.9342 -0.074274 -0.34894 0.093051 0.8935 -0.43931
6720.5 231.66 631.83 -85.17 0.34617 -0.4412 -0.82795 -0.93358 -0.074824 -0.35046 0.092673 0.89428 -0.4378
6730.5 230.01 630.44 -85.185 0.34793 -0.43966 -0.82803 -0.933 -0.075811 -0.35179 0.091893 0.89496 -0.43658
6740.5 228.42 629.65 -85.42 0.35339 -0.43701 -0.82713 -0.93123 -0.080231 -0.35548 0.088989 0.89587 -0.43531
6750.5 227 628.38 -85.208 0.35571 -0.43852 -0.82533 -0.93039 -0.082432 -0.35719 0.088604 0.89493 -0.43732
6760.5 224.93 626.54 -85.433 0.36015 -0.43554 -0.82498 -0.92857 -0.082309 -0.36192 0.089726 0.8964 -0.43407
6770.5 223.2 625.22 -85.437 0.36328 -0.43524 -0.82377 -0.92739 -0.084181 -0.3645 0.089299 0.89637 -0.43422
6780.5 222.68 626.34 -85.304 0.3808 -0.43946 -0.81355 -0.92101 -0.10218 -0.37591 0.082069 0.89243 -0.44365
6790.5 220.5 623.26 -85.074 0.38049 -0.43839 -0.81427 -0.92033 -0.093191 -0.37988 0.090651 0.89394 -0.43892
6800.5 218.83 622.12 -85.047 0.38573 -0.43801 -0.81201 -0.91813 -0.095585 -0.38458 0.09083 0.89388 -0.43902
6810.5 216.29 618.42 -85.141 0.37893 -0.43444 -0.81712 -0.92019 -0.083104 -0.38255 0.098287 0.89686 -0.43125
6820.5 215.1 617.32 -85.158 0.38255 -0.4354 -0.81491 -0.91866 -0.085182 -0.38575 0.09854 0.8962 -0.43258
6830.5 213.85 615.89 -85.241 0.38537 -0.43647 -0.81301 -0.91733 -0.085733 -0.38879 0.099996 0.89562 -0.43343
6840.5 215.76 620.66 -84.955 0.41308 -0.44719 -0.79334 -0.90697 -0.12328 -0.40275 0.082305 0.88591 -0.45651
6850.5 210.13 609.4 -84.906 0.37539 -0.4355 -0.81818 -0.91988 -0.066837 -0.38647 0.11363 0.8977 -0.4257
6860.5 210.32 609.79 -84.893 0.38675 -0.43941 -0.81077 -0.91566 -0.078527 -0.39422 0.10956 0.89485 -0.43272
6870.5 210.37 610.32 -85.045 0.40234 -0.44166 -0.80191 -0.90947 -0.092554 -0.40533 0.1048 0.8924 -0.43892
6880.5 207.74 604.29 -84.892 0.37957 -0.43718 -0.81535 -0.9174 -0.063915 -0.3928 0.11961 0.8971 -0.42533
6890.5 210.41 609.25 -85.023 0.40811 -0.44604 -0.79655 -0.90726 -0.10108 -0.40823 0.10158 0.88929 -0.44593
6900.5 208.88 605.37 -85.002 0.39882 -0.44266 -0.80312 -0.91045 -0.086389 -0.4045 0.10968 0.89252 -0.43748
6910.5 206.83 600.31 -84.953 0.38559 -0.43647 -0.81291 -0.91464 -0.064803 -0.39905 0.12149 0.89738 -0.4242
6920.5 208.28 602.01 -85.172 0.40512 -0.43849 -0.80225 -0.90734 -0.085083 -0.41169 0.11227 0.8947 -0.43233
6930.5 207.48 598.71 -85.087 0.39285 -0.4355 -0.80995 -0.91192 -0.070833 -0.40422 0.11867 0.8974 -0.42496
6940.5 206.49 594.72 -85.002 0.38248 -0.43007 -0.81777 -0.91521 -0.054821 -0.39923 0.12687 0.90113 -0.41457
6950.5 207.52 594.62 -85.038 0.38676 -0.43079 -0.81537 -0.91387 -0.060617 -0.40146 0.12352 0.90041 -0.41713
6960.5 209.36 595.19 -85.056 0.39648 -0.43295 -0.80954 -0.91043 -0.072047 -0.40735 0.11804 0.89853 -0.42274
6970.5 210.15 593.58 -85.075 0.39219 -0.43266 -0.81178 -0.91209 -0.068246 -0.40428 0.11952 0.89897 -0.42139
