1527.368042 -27.674020 -60.984272 95.110306 0.878314 0.466431 0.104910 -0.474929 0.876421 0.079554 -0.054839 -0.119698 0.991295
1541.172119 -27.525732 -60.796653 95.066891 0.881014 0.461699 0.103188 -0.469949 0.879185 0.078625 -0.054421 -0.117763 0.991549
1554.976074 -27.600345 -61.324941 95.040529 0.880444 0.462331 0.105207 -0.470948 0.878445 0.080892 -0.055019 -0.120768 0.991155
1568.780029 -27.794538 -60.431696 95.158721 0.883101 0.456845 0.106895 -0.465366 0.881885 0.075592 -0.059735 -0.116500 0.991393
1582.584106 -27.464762 -60.721088 95.074494 0.878949 0.464334 0.108822 -0.473084 0.877753 0.075768 -0.060337 -0.118078 0.991170
1596.388062 -27.725881 -60.685007 95.073125 0.882289 0.457657 0.110071 -0.466528 0.881304 0.075199 -0.062591 -0.117698 0.991075
1610.192017 -28.136160 -60.830992 95.078444 0.882476 0.456380 0.113809 -0.465734 0.881679 0.075725 -0.065784 -0.119830 0.990612
1623.996094 -27.976616 -60.534474 95.127173 0.878828 0.462607 0.116862 -0.472079 0.878599 0.072141 -0.069302 -0.118568 0.990524
1637.800049 -27.588430 -60.934484 95.111889 0.878092 0.464076 0.116568 -0.473556 0.877753 0.072758 -0.068553 -0.119090 0.990514
1651.604126 -27.650894 -60.695440 95.067082 0.883823 0.453126 0.116334 -0.462457 0.883794 0.071000 -0.070643 -0.116551 0.990669
1665.408081 -27.783039 -60.840397 95.054759 0.879082 0.461006 0.121191 -0.470843 0.879435 0.070013 -0.074303 -0.118609 0.990157
1679.212036 -28.082681 -61.234123 95.018025 0.884610 0.450102 0.121958 -0.460107 0.885013 0.071081 -0.075941 -0.118993 0.989987
1693.015991 -27.933929 -60.513001 95.103844 0.880966 0.456190 0.125655 -0.466108 0.882381 0.064398 -0.081498 -0.115301 0.989982
1706.820068 -27.426054 -60.222857 95.066656 0.887428 0.444640 0.121521 -0.453845 0.888944 0.061674 -0.080603 -0.109883 0.990671
1720.624023 -27.498834 -59.908065 95.192945 0.888174 0.442477 0.123938 -0.451573 0.890395 0.057263 -0.085016 -0.106826 0.990636
1734.428101 -27.738025 -61.018770 95.037153 0.887866 0.442224 0.127011 -0.452073 0.889820 0.062043 -0.085580 -0.112504 0.989959
1748.232056 -27.728257 -60.787171 94.979213 0.886809 0.443554 0.129732 -0.453409 0.889375 0.058592 -0.089391 -0.110781 0.989816
1762.036011 -27.119585 -61.105885 94.972845 0.883621 0.449572 0.130765 -0.459526 0.886255 0.058201 -0.089725 -0.111518 0.989704
1775.840088 -27.434316 -60.201532 95.015649 0.889198 0.438294 0.131243 -0.447656 0.892710 0.051700 -0.094502 -0.104723 0.990001
1789.644043 -28.156885 -60.660702 95.025605 0.890430 0.434266 0.136188 -0.444218 0.894381 0.052471 -0.099018 -0.107219 0.989292
1803.447998 -27.393134 -60.195524 95.075445 0.889315 0.437183 0.134129 -0.446444 0.893543 0.047624 -0.099030 -0.102234 0.989819
1817.252075 -27.594185 -60.522146 94.992917 0.891036 0.433199 0.135622 -0.442706 0.895343 0.048710 -0.100327 -0.103443 0.989562
1831.056030 -27.568938 -60.033766 95.107543 0.889854 0.435213 0.136933 -0.444320 0.894816 0.043412 -0.103636 -0.099472 0.989629
1844.859985 -27.588443 -60.300131 94.974674 0.890160 0.434385 0.137567 -0.443689 0.895064 0.044718 -0.103706 -0.100843 0.989483
1858.664063 -27.683285 -60.720828 94.958268 0.890030 0.434366 0.138468 -0.443854 0.894939 0.045587 -0.104119 -0.102033 0.989317
1872.468140 -27.720148 -60.352953 95.031721 0.890298 0.433794 0.138536 -0.442958 0.895535 0.042492 -0.105631 -0.099196 0.989445
1886.272095 -28.168084 -61.271506 94.854122 0.888289 0.436976 0.141405 -0.446963 0.893304 0.047240 -0.105675 -0.105165 0.988824
1900.076050 -28.300049 -60.592191 95.003686 0.888820 0.435888 0.141423 -0.445366 0.894336 0.042569 -0.107924 -0.100821 0.989034
1913.880127 -28.353394 -60.384774 95.076022 0.890173 0.433517 0.140194 -0.442634 0.895786 0.040531 -0.108013 -0.098134 0.989294
1927.684082 -27.664941 -60.506932 94.980531 0.885710 0.443133 0.138384 -0.452132 0.891029 0.040561 -0.105331 -0.098493 0.989548
1941.488159 -28.055713 -60.149178 95.081330 0.890173 0.434597 0.136813 -0.443178 0.895603 0.038587 -0.105760 -0.094982 0.989845
1955.292114 -28.073633 -59.741551 95.230240 0.891440 0.432587 0.134917 -0.440625 0.896998 0.035287 -0.105755 -0.090904 0.990228
1969.096069 -28.105534 -60.335206 95.132561 0.886694 0.441730 0.136558 -0.450342 0.892017 0.038697 -0.104719 -0.095810 0.989876
1982.900024 -28.223967 -59.908767 95.252288 0.889801 0.436464 0.133240 -0.444465 0.895065 0.036188 -0.103464 -0.091421 0.990423
1996.703979 -27.984221 -60.652876 95.158775 0.885264 0.445505 0.133538 -0.454040 0.890056 0.040591 -0.100773 -0.096565 0.990212
2010.508057 -27.950365 -60.373948 95.254089 0.885188 0.446151 0.131876 -0.454366 0.889961 0.038994 -0.099968 -0.094437 0.990499
2024.312012 -28.434326 -60.417959 95.350520 0.883088 0.449642 0.134080 -0.458113 0.888028 0.039227 -0.101429 -0.096065 0.990194
2038.116089 -28.151389 -60.406663 95.386289 0.881561 0.453200 0.132139 -0.461533 0.886241 0.039547 -0.099184 -0.095850 0.990442
2051.919922 -28.565403 -60.692337 95.395301 0.882073 0.451732 0.133737 -0.460406 0.886740 0.041443 -0.099868 -0.098129 0.990150
2065.724121 -28.092564 -60.616352 95.348529 0.881029 0.454600 0.130869 -0.463047 0.885344 0.041877 -0.096827 -0.097494 0.990515
2079.528076 -27.696950 -60.571941 95.416150 0.880839 0.455444 0.129200 -0.463724 0.884993 0.041806 -0.095301 -0.096737 0.990737
2093.332031 -28.336500 -60.241184 95.543452 0.880905 0.454165 0.133191 -0.462744 0.885547 0.040914 -0.099366 -0.097674 0.990245
2107.135986 -27.568433 -60.558323 95.531680 0.880628 0.455564 0.130214 -0.464018 0.884802 0.042573 -0.095819 -0.097913 0.990572
2120.940186 -27.145878 -60.643096 95.577909 0.879562 0.457827 0.129476 -0.466287 0.883574 0.043284 -0.094585 -0.098444 0.990637
2134.744141 -27.827792 -60.418995 95.700148 0.879842 0.455702 0.134960 -0.464568 0.884544 0.041928 -0.100271 -0.099588 0.989964
2148.548096 -27.339391 -60.259130 95.708474 0.885899 0.444865 0.131442 -0.453300 0.890383 0.041678 -0.098493 -0.096505 0.990447
2162.352051 -27.349674 -60.563059 95.722015 0.881367 0.452100 0.137103 -0.461242 0.886248 0.042677 -0.102213 -0.100851 0.989637
2176.156006 -27.623957 -60.062956 95.881948 0.885051 0.444300 0.138863 -0.453252 0.890502 0.039614 -0.106057 -0.098000 0.989519
2189.959961 -27.187902 -60.682781 95.819393 0.882433 0.448441 0.142171 -0.458070 0.887899 0.042519 -0.107166 -0.102644 0.988929
2203.764160 -26.894338 -60.053838 95.903439 0.887116 0.439394 0.141272 -0.448399 0.893017 0.038193 -0.109377 -0.097228 0.989234
2217.568115 -26.876211 -59.973152 95.923810 0.888149 0.436231 0.144549 -0.445377 0.894588 0.036764 -0.113274 -0.097031 0.988814
2231.372070 -27.248321 -59.463380 96.126272 0.891241 0.428184 0.149492 -0.437319 0.898697 0.033105 -0.120173 -0.094880 0.988209
2245.176025 -27.007680 -60.129114 95.973893 0.890767 0.428154 0.152372 -0.437941 0.898278 0.036109 -0.121412 -0.098895 0.987663
2258.979980 -26.940815 -60.475313 95.962564 0.888079 0.431670 0.158037 -0.442314 0.896053 0.038034 -0.125192 -0.103680 0.986700
2272.783936 -27.030285 -60.499311 96.046431 0.889347 0.427616 0.161883 -0.438644 0.897852 0.038120 -0.129046 -0.104911 0.986073
2286.588135 -26.906785 -60.299316 96.047208 0.889546 0.426127 0.164695 -0.437314 0.898542 0.037145 -0.132157 -0.105066 0.985645
2300.392090 -27.346528 -60.132738 96.090170 0.894827 0.413759 0.167593 -0.425178 0.904333 0.037500 -0.136044 -0.104813 0.985143
2314.196045 -27.379270 -60.172593 96.108950 0.891713 0.418518 0.172308 -0.430545 0.901777 0.037799 -0.139564 -0.107893 0.984318
2328.000000 -27.273757 -59.672596 96.247520 0.894075 0.413502 0.172183 -0.425253 0.904344 0.036355 -0.140679 -0.105725 0.984394
2341.803955 -27.423675 -60.008524 96.247343 0.895041 0.410682 0.173899 -0.423076 0.905222 0.039744 -0.141095 -0.109145 0.983961
2355.608154 -27.292428 -59.877318 96.290594 0.891317 0.417702 0.176294 -0.430482 0.901713 0.039984 -0.142265 -0.111529 0.983525
2369.412109 -27.376476 -59.716792 96.325378 0.893305 0.413579 0.175949 -0.426380 0.903627 0.040726 -0.142149 -0.111402 0.983556
2383.216064 -27.428596 -59.481114 96.412396 0.893331 0.413436 0.176153 -0.426287 0.903662 0.040925 -0.142263 -0.111651 0.983512
2397.020020 -27.474569 -59.679340 96.391150 0.894247 0.411618 0.175762 -0.425019 0.904055 0.045212 -0.140288 -0.115133 0.983394
2410.823975 -26.967043 -59.204149 96.441011 0.893844 0.413885 0.172456 -0.426878 0.903194 0.044904 -0.137176 -0.113755 0.983993
2424.627930 -26.531177 -59.348242 96.367932 0.895057 0.413335 0.167412 -0.426049 0.903468 0.047207 -0.131740 -0.113579 0.984756
2438.431885 -26.177397 -59.316170 96.237302 0.895964 0.413293 0.162597 -0.425695 0.903534 0.049097 -0.126620 -0.113206 0.985470
2452.236084 -25.726883 -58.753221 96.273111 0.893136 0.420606 0.159370 -0.432531 0.900352 0.047784 -0.123391 -0.111610 0.986062
2466.040039 -25.478241 -58.665354 96.270034 0.895090 0.418470 0.153935 -0.430024 0.901435 0.049937 -0.117865 -0.110894 0.986818
2479.843994 -24.990374 -57.928712 96.389130 0.895892 0.419024 0.147638 -0.429608 0.901762 0.047562 -0.113204 -0.106037 0.987897
2493.647949 -24.771287 -58.534002 96.223995 0.894858 0.422589 0.143692 -0.433513 0.899506 0.054367 -0.106277 -0.110943 0.988128
2507.452148 -24.283994 -58.032283 96.226816 0.896038 0.422253 0.137175 -0.432564 0.899895 0.055478 -0.100018 -0.109047 0.988992
2521.256104 -23.668708 -57.974313 96.163939 0.894450 0.427645 0.130686 -0.437538 0.897303 0.058376 -0.092300 -0.109395 0.989704
2535.060059 -23.136830 -57.416702 96.200957 0.892998 0.432439 0.124703 -0.441677 0.895282 0.058235 -0.086462 -0.107082 0.990484
2548.864014 -22.228679 -56.954818 96.133951 0.891651 0.437562 0.116179 -0.445971 0.893094 0.059101 -0.077899 -0.104510 0.991468
2562.667969 -21.420943 -57.123003 96.047672 0.890582 0.441727 0.108355 -0.449677 0.890889 0.064087 -0.068223 -0.105800 0.992044
2576.471924 -20.469210 -55.922500 96.158762 0.893151 0.439007 0.097749 -0.445634 0.893171 0.060460 -0.060765 -0.097561 0.993373
2590.276123 -20.166039 -56.290300 95.998761 0.888363 0.448937 0.096260 -0.455726 0.887682 0.065836 -0.055892 -0.102354 0.993177
2604.080078 -19.802834 -54.986998 96.134826 0.892153 0.442659 0.090089 -0.448638 0.891547 0.062192 -0.052789 -0.095902 0.993990
2617.884033 -19.981079 -55.710515 96.001804 0.888187 0.450136 0.092204 -0.456742 0.886815 0.070334 -0.050108 -0.104583 0.993253
2631.687988 -18.855959 -55.348638 95.971483 0.887355 0.453070 0.085604 -0.459055 0.885494 0.071887 -0.043232 -0.103086 0.993732
2645.492188 -18.249087 -54.674225 95.970761 0.886144 0.456064 0.082189 -0.461692 0.884121 0.071904 -0.039872 -0.101664 0.994019
2659.296143 -17.916805 -53.732641 96.001031 0.886611 0.455484 0.080347 -0.460851 0.884716 0.069955 -0.039221 -0.099051 0.994309
2673.100098 -17.503243 -53.429009 95.937221 0.885581 0.457803 0.078497 -0.463064 0.883379 0.072201 -0.036289 -0.100289 0.994296
2686.904053 -17.205399 -51.529619 96.183774 0.891780 0.446330 0.074286 -0.450931 0.890217 0.064611 -0.037292 -0.091117 0.995142
2700.708008 -16.647865 -52.291678 95.944305 0.886057 0.457383 0.075530 -0.462391 0.883629 0.073454 -0.033144 -0.100009 0.994434
2714.511963 -16.292640 -50.804272 96.095881 0.891516 0.447244 0.071920 -0.451774 0.889471 0.068862 -0.033173 -0.093883 0.995030
2728.315918 -15.491206 -50.024027 96.147156 0.888388 0.453624 0.070651 -0.457979 0.886390 0.067591 -0.031964 -0.092404 0.995208
2742.120117 -15.487631 -49.699485 96.115189 0.890331 0.449507 0.072488 -0.454119 0.888196 0.069885 -0.032970 -0.095139 0.994918
2755.924072 -15.246130 -48.405892 96.212463 0.892281 0.445597 0.072645 -0.450106 0.890519 0.066186 -0.035200 -0.091754 0.995159
2769.728027 -15.186307 -48.502066 96.144929 0.890963 0.447627 0.076261 -0.452630 0.888904 0.070537 -0.036214 -0.097363 0.994590
2783.531982 -14.995892 -47.592635 96.209962 0.891614 0.445989 0.078218 -0.451138 0.889765 0.069235 -0.038718 -0.097018 0.994529
2797.335938 -15.067564 -47.876052 96.181414 0.892427 0.443836 0.081143 -0.449457 0.890259 0.073676 -0.039538 -0.102220 0.993976
2811.139893 -15.070678 -48.088126 96.043732 0.888195 0.451261 0.086452 -0.457571 0.885809 0.077277 -0.041708 -0.108194 0.993254
2824.944092 -14.621419 -46.827850 96.108459 0.890087 0.447757 0.085201 -0.453769 0.888108 0.073201 -0.042891 -0.103817 0.993671
2838.748047 -15.166343 -46.575090 96.104042 0.892491 0.442106 0.089455 -0.448591 0.890710 0.073499 -0.047184 -0.105726 0.993275
2852.552002 -15.133151 -46.321149 96.088449 0.891586 0.443431 0.091888 -0.450201 0.889850 0.074064 -0.048924 -0.107403 0.993011
2866.355957 -15.069117 -45.097953 96.233130 0.891784 0.442805 0.092980 -0.449390 0.890730 0.068180 -0.052630 -0.102587 0.993331
2880.159912 -15.035147 -45.207285 96.149977 0.889099 0.447568 0.095846 -0.454576 0.887908 0.070568 -0.053519 -0.106311 0.992892
2893.963867 -15.338243 -44.325905 96.298970 0.893131 0.439407 0.096117 -0.446261 0.892384 0.067099 -0.056289 -0.102821 0.993106
2907.768066 -15.325435 -44.444079 96.157958 0.892634 0.440288 0.096698 -0.447330 0.891675 0.069372 -0.055679 -0.105180 0.992893
2921.572021 -15.419541 -43.902461 96.197681 0.889269 0.446441 0.099456 -0.453625 0.888679 0.066883 -0.058525 -0.104593 0.992792
2935.375977 -15.367456 -42.404259 96.402200 0.890893 0.443529 0.097937 -0.450111 0.890994 0.059412 -0.060911 -0.097012 0.993418
2949.179932 -15.588178 -41.839113 96.430145 0.891957 0.441291 0.098366 -0.447817 0.892252 0.057853 -0.062237 -0.095652 0.993467
2962.984131 -15.957085 -41.702784 96.419717 0.891982 0.440914 0.099811 -0.447677 0.892222 0.059380 -0.062872 -0.097649 0.993233
2976.788086 -15.913203 -42.136438 96.290746 0.889188 0.446432 0.100213 -0.453507 0.888970 0.063746 -0.060628 -0.102130 0.992922
2990.592041 -16.213412 -40.948349 96.534056 0.891812 0.441455 0.098942 -0.448060 0.892105 0.058224 -0.062563 -0.096256 0.993388
3004.395996 -16.424649 -41.032512 96.510698 0.888769 0.447236 0.100346 -0.454096 0.888926 0.060060 -0.062339 -0.098947 0.993138
3018.200195 -16.943804 -40.862826 96.463046 0.889099 0.446313 0.101525 -0.453385 0.889188 0.061540 -0.062808 -0.100745 0.992928
3032.003906 -17.249502 -40.338114 96.516536 0.888779 0.446938 0.101579 -0.453945 0.888978 0.060436 -0.063291 -0.099825 0.992990
3045.808105 -17.347370 -39.285072 96.645671 0.888566 0.447757 0.099819 -0.454307 0.889084 0.055985 -0.063680 -0.095095 0.993429
3059.612061 -17.515033 -39.121244 96.659172 0.888515 0.448038 0.099007 -0.454616 0.888819 0.057659 -0.062166 -0.096241 0.993415
3073.416016 -17.870736 -39.125562 96.652932 0.886417 0.451901 0.100252 -0.458740 0.886552 0.059857 -0.061829 -0.099048 0.993160
3087.219971 -18.311791 -38.657910 96.732322 0.885692 0.453111 0.101195 -0.460051 0.885865 0.059962 -0.062475 -0.099663 0.993058
3101.023926 -18.711123 -38.141028 96.840423 0.885961 0.452671 0.100806 -0.459480 0.886259 0.058501 -0.062859 -0.098148 0.993185
3114.827881 -18.925635 -36.997642 97.030099 0.887612 0.449773 0.099240 -0.456184 0.888205 0.054653 -0.063564 -0.093782 0.993561
3128.632080 -18.863262 -37.760108 96.741450 0.882315 0.460155 0.098876 -0.466987 0.882086 0.062027 -0.058675 -0.100901 0.993165
3142.436035 -19.938010 -37.231263 96.853569 0.882881 0.458242 0.102644 -0.465396 0.882996 0.061023 -0.062671 -0.101646 0.992845
3156.239990 -20.123792 -36.374741 97.010215 0.885341 0.454097 0.099836 -0.460830 0.885537 0.058824 -0.061697 -0.098087 0.993264
3170.044189 -20.396988 -35.842919 97.085380 0.883255 0.458145 0.099813 -0.464834 0.883488 0.058124 -0.061554 -0.097735 0.993307
3183.847900 -21.177192 -36.440182 97.006661 0.881519 0.460880 0.102536 -0.468177 0.881352 0.063481 -0.061113 -0.103964 0.992702
3197.652100 -21.646937 -36.080535 97.058044 0.880247 0.463095 0.103480 -0.470546 0.880024 0.064378 -0.061252 -0.105360 0.992546
3211.456055 -22.148583 -35.412397 97.126895 0.881083 0.461459 0.103677 -0.468836 0.881046 0.062856 -0.062338 -0.103989 0.992623
3225.260010 -22.560981 -35.101909 97.136919 0.880804 0.461994 0.103658 -0.469408 0.880697 0.063477 -0.061965 -0.104569 0.992585
3239.063965 -23.041177 -34.595893 97.154930 0.879874 0.463408 0.105233 -0.470996 0.879840 0.063590 -0.063120 -0.105516 0.992412
3252.867920 -23.566914 -34.425760 97.214295 0.879586 0.463760 0.106092 -0.471533 0.879446 0.065051 -0.063134 -0.107244 0.992226
3266.672119 -23.980028 -33.666727 97.376863 0.880300 0.462561 0.105398 -0.470095 0.880400 0.062493 -0.063886 -0.104559 0.992465
3280.476074 -24.538405 -33.701417 97.403741 0.878170 0.466102 0.107545 -0.474046 0.878078 0.065268 -0.064011 -0.108298 0.992056
3294.280029 -25.082061 -33.371154 97.440546 0.877883 0.466461 0.108327 -0.474537 0.877759 0.065982 -0.064307 -0.109330 0.991923
3308.083984 -25.798081 -33.304616 97.456215 0.876703 0.468218 0.110291 -0.476621 0.876503 0.067640 -0.065000 -0.111867 0.991595
3321.888184 -25.977169 -32.474110 97.576025 0.874701 0.472219 0.109123 -0.480278 0.874751 0.064378 -0.065055 -0.108721 0.991941
3335.691895 -27.214908 -32.603094 97.688860 0.875484 0.469775 0.113311 -0.478504 0.875496 0.067386 -0.067547 -0.113215 0.991272
3349.496094 -26.832400 -32.186543 97.667199 0.873218 0.474834 0.109651 -0.483102 0.873019 0.066704 -0.064054 -0.111219 0.991729
3363.300049 -27.951533 -31.738165 97.765679 0.874783 0.471128 0.113105 -0.479796 0.874829 0.066851 -0.067452 -0.112747 0.991332
3377.104004 -28.100611 -31.298183 97.865910 0.872917 0.474848 0.111957 -0.483286 0.873020 0.065351 -0.066709 -0.111153 0.991562
3390.907959 -28.812219 -31.022059 97.838558 0.873560 0.473333 0.113350 -0.482057 0.873554 0.067265 -0.067178 -0.113401 0.991276
3404.712158 -29.120398 -30.845976 97.980697 0.872576 0.475205 0.113103 -0.483933 0.872479 0.067747 -0.066486 -0.113849 0.991271
3418.516113 -30.089940 -30.013899 98.052553 0.873534 0.472742 0.115989 -0.481664 0.873886 0.065756 -0.070276 -0.113307 0.991072
3432.320068 -30.406779 -29.790998 98.152397 0.871488 0.476532 0.115872 -0.485517 0.871669 0.066835 -0.069153 -0.114504 0.991013
3446.124023 -30.824434 -29.224880 98.194106 0.871318 0.476763 0.116196 -0.485741 0.871592 0.066199 -0.069714 -0.114121 0.991018
3459.927979 -31.448592 -29.477280 98.215851 0.870480 0.477991 0.117428 -0.487389 0.870364 0.070135 -0.068681 -0.118284 0.990602
3473.732178 -32.190448 -29.154052 98.231998 0.871116 0.476467 0.118896 -0.486152 0.870926 0.071719 -0.069378 -0.120277 0.990313
3487.536133 -32.406079 -28.745085 98.289400 0.868934 0.480595 0.118246 -0.490210 0.868636 0.071871 -0.068172 -0.120417 0.990380
3501.339844 -32.877784 -28.500673 98.352130 0.868409 0.481523 0.118331 -0.491184 0.868043 0.072391 -0.067858 -0.120987 0.990332
3515.144043 -33.822066 -27.924533 98.373104 0.869320 0.479333 0.120508 -0.489241 0.869163 0.072106 -0.070178 -0.121641 0.990090
3528.947998 -33.905973 -27.640866 98.491367 0.867184 0.483530 0.119122 -0.493270 0.866880 0.072136 -0.068385 -0.121314 0.990256
3542.751953 -34.371349 -27.158002 98.599194 0.866186 0.485162 0.119745 -0.494945 0.865964 0.071669 -0.068923 -0.121346 0.990214
3556.555908 -34.823209 -26.429976 98.723142 0.865677 0.486006 0.120006 -0.495639 0.865776 0.069089 -0.070321 -0.119288 0.990366
3570.359863 -35.151506 -25.950428 98.778883 0.865855 0.485774 0.119663 -0.495355 0.865950 0.068945 -0.070131 -0.118972 0.990418
3584.164063 -35.637326 -25.947720 98.775667 0.865368 0.486504 0.120217 -0.496310 0.865223 0.071172 -0.069389 -0.121255 0.990193
3597.968018 -36.131040 -25.835075 98.764904 0.865981 0.485251 0.120862 -0.495280 0.865642 0.073225 -0.069091 -0.123272 0.989965
3611.771973 -36.246945 -25.398305 98.804748 0.863183 0.490351 0.120300 -0.500253 0.862845 0.072425 -0.068286 -0.122697 0.990092
3625.576172 -36.743689 -25.173977 98.857054 0.864437 0.488022 0.120760 -0.498030 0.864072 0.073115 -0.068663 -0.123346 0.989985
3639.379883 -36.778249 -24.657665 99.004222 0.863259 0.490332 0.119827 -0.500093 0.863039 0.071213 -0.068497 -0.121400 0.990237
3653.184082 -37.278640 -24.159490 99.083367 0.862148 0.491863 0.121537 -0.501746 0.862180 0.069981 -0.070366 -0.121314 0.990117
3666.988037 -37.732222 -24.107616 99.126704 0.862913 0.490178 0.122908 -0.500353 0.862849 0.071684 -0.070913 -0.123354 0.989826
3680.791992 -38.002304 -23.833709 99.157939 0.862670 0.490459 0.123493 -0.500721 0.862618 0.071891 -0.071267 -0.123854 0.989738
3694.595947 -38.657977 -23.327493 99.122901 0.863751 0.487904 0.126033 -0.498445 0.863979 0.071362 -0.074072 -0.124460 0.989456
3708.399902 -38.754262 -22.880408 99.251238 0.863045 0.489174 0.125942 -0.499571 0.863474 0.069583 -0.074709 -0.122971 0.989594
3722.203857 -38.991115 -22.534851 99.287053 0.862105 0.490596 0.126853 -0.501132 0.862542 0.069911 -0.075118 -0.123840 0.989455
3736.008057 -39.365798 -22.437904 99.339403 0.862426 0.489698 0.128128 -0.500509 0.862780 0.071420 -0.075572 -0.125724 0.989183
3749.812012 -39.821657 -21.923539 99.380499 0.861898 0.490082 0.130201 -0.501082 0.862528 0.070446 -0.077777 -0.125959 0.988982
3763.615967 -40.313826 -21.032493 99.443794 0.862713 0.488102 0.132222 -0.499081 0.863958 0.067038 -0.081512 -0.123824 0.988951
3777.420166 -40.327316 -20.704782 99.453362 0.860960 0.491207 0.132151 -0.502104 0.862278 0.066092 -0.081486 -0.123256 0.989024
3791.224121 -40.542680 -19.934615 99.537218 0.860456 0.491909 0.132822 -0.502647 0.862180 0.063183 -0.083436 -0.121129 0.989124
3805.028076 -40.719373 -19.644311 99.581279 0.860361 0.491938 0.133327 -0.502795 0.862044 0.063857 -0.083520 -0.121976 0.989013
3818.832031 -41.101947 -19.355412 99.631240 0.861570 0.489526 0.134390 -0.500615 0.863220 0.065080 -0.084150 -0.123349 0.988789
3832.635986 -41.328569 -18.858807 99.688637 0.860769 0.490626 0.135505 -0.501775 0.862618 0.064128 -0.085426 -0.123192 0.988699
3846.439941 -41.277253 -18.774361 99.656659 0.859328 0.493369 0.134696 -0.504516 0.860934 0.065234 -0.083780 -0.124013 0.988737
3860.244141 -41.335525 -18.439394 99.715353 0.858400 0.495014 0.134577 -0.506102 0.860046 0.064669 -0.083730 -0.123622 0.988791
3874.048096 -41.342367 -17.902845 99.713279 0.857826 0.496211 0.133829 -0.507125 0.859516 0.063694 -0.083423 -0.122507 0.988955
3887.852051 -41.503604 -17.417610 99.726554 0.857379 0.496897 0.134141 -0.507816 0.859139 0.063272 -0.083806 -0.122367 0.988940
3901.656006 -41.572371 -17.392230 99.760324 0.857452 0.496854 0.133838 -0.507879 0.858973 0.064990 -0.082673 -0.123699 0.988870
3915.459961 -41.378836 -16.668404 99.866285 0.856450 0.498897 0.132643 -0.509606 0.858103 0.062930 -0.082426 -0.121492 0.989164
3929.263916 -41.658980 -16.211551 99.924816 0.856989 0.497609 0.134000 -0.508408 0.858878 0.062051 -0.084212 -0.121304 0.989037
3943.067871 -41.492231 -15.941435 99.889043 0.856252 0.499104 0.133141 -0.509832 0.858007 0.062415 -0.083084 -0.121323 0.989130
3956.872070 -41.732936 -15.506778 99.830120 0.857126 0.497346 0.134094 -0.508227 0.858924 0.062885 -0.083901 -0.122051 0.988971
3970.676025 -41.960714 -14.999802 99.867174 0.857658 0.496074 0.135400 -0.507052 0.859671 0.062160 -0.085563 -0.121967 0.988839
3984.479980 -41.646773 -14.596916 99.913339 0.856693 0.498173 0.133792 -0.508905 0.858620 0.061542 -0.084218 -0.120810 0.989097
3998.283936 -41.847132 -14.051248 100.002564 0.856692 0.497784 0.135241 -0.508622 0.858845 0.060730 -0.085921 -0.120814 0.988950
4012.088135 -41.443680 -13.736377 99.987005 0.854859 0.501392 0.133503 -0.512029 0.856817 0.060757 -0.083924 -0.120295 0.989184
4025.891846 -41.452172 -13.238274 99.982254 0.854192 0.502420 0.133901 -0.513094 0.856192 0.060586 -0.084206 -0.120456 0.989141
4039.696045 -41.641827 -12.812313 100.001349 0.854272 0.501960 0.135114 -0.512689 0.856508 0.059532 -0.085844 -0.120128 0.989040
4053.500000 -41.550064 -12.304051 100.016558 0.853725 0.502982 0.134772 -0.513637 0.855968 0.059127 -0.085620 -0.119702 0.989111
4067.303955 -41.394810 -12.055107 100.000466 0.852991 0.504362 0.134256 -0.515020 0.855087 0.059837 -0.084621 -0.120185 0.989138
4081.107910 -41.344540 -11.371438 100.101706 0.852484 0.505201 0.134323 -0.515722 0.854782 0.058132 -0.085448 -0.118830 0.989231
4094.911865 -41.441974 -10.827927 100.103181 0.852944 0.504284 0.134852 -0.514848 0.855323 0.057918 -0.086135 -0.118829 0.989172
4108.715820 -41.182450 -10.750400 100.136474 0.851931 0.506215 0.134015 -0.516904 0.853902 0.060505 -0.083807 -0.120820 0.989130
4122.520020 -41.347571 -10.436681 100.089414 0.852187 0.505454 0.135255 -0.516325 0.854227 0.060863 -0.084775 -0.121702 0.988940
4136.323730 -40.708428 -10.270476 100.050611 0.849929 0.509958 0.132526 -0.520666 0.851444 0.062842 -0.080792 -0.122413 0.989185
4150.127930 -40.524184 -9.304904 100.127184 0.850156 0.509759 0.131834 -0.520116 0.852012 0.059618 -0.081934 -0.119254 0.989477
4163.932129 -40.324629 -8.951769 100.148025 0.849646 0.510756 0.131261 -0.521093 0.851375 0.060183 -0.081014 -0.119534 0.989519
4177.735840 -40.174324 -8.823426 100.105873 0.848544 0.512627 0.131095 -0.523078 0.850042 0.061788 -0.079762 -0.121003 0.989442
4191.540039 -39.835162 -8.493718 100.122262 0.848020 0.513834 0.129755 -0.524120 0.849403 0.061745 -0.078487 -0.120368 0.989622
4205.343750 -39.526825 -8.255864 100.093980 0.847774 0.514456 0.128900 -0.524733 0.848936 0.062955 -0.077040 -0.121010 0.989657
4219.147949 -39.372946 -7.935089 100.092765 0.848815 0.512838 0.128489 -0.523121 0.849874 0.063703 -0.076530 -0.121287 0.989663
4232.952148 -38.987694 -7.394583 100.072303 0.848840 0.513023 0.127585 -0.523166 0.849875 0.063324 -0.075944 -0.120500 0.989804
4246.755859 -38.665512 -7.006514 100.087805 0.848060 0.514419 0.127154 -0.524473 0.849107 0.062815 -0.075654 -0.119960 0.989892
4260.560059 -38.651982 -7.328416 99.964834 0.849486 0.511799 0.128204 -0.522363 0.850017 0.067880 -0.074235 -0.124632 0.989422
4274.363770 -38.524074 -6.759302 100.079035 0.848273 0.513549 0.129228 -0.524157 0.849003 0.066736 -0.075442 -0.124346 0.989367
4288.167969 -38.125938 -6.490067 99.969344 0.849301 0.511983 0.128691 -0.522564 0.849941 0.067284 -0.074931 -0.124394 0.989400
4301.972168 -37.876038 -6.381584 100.004369 0.848280 0.513620 0.128903 -0.524327 0.848749 0.068595 -0.074174 -0.125775 0.989282
4315.775879 -37.623075 -6.333795 100.029738 0.848233 0.513673 0.128999 -0.524503 0.848520 0.070071 -0.073464 -0.127097 0.989166
4329.580078 -37.014705 -5.209678 100.099277 0.851040 0.509773 0.125946 -0.519829 0.851806 0.064848 -0.074223 -0.120659 0.989915
4343.383789 -36.901742 -5.126209 100.069823 0.849253 0.512429 0.127225 -0.522746 0.849914 0.066204 -0.074206 -0.122730 0.989662
4357.187988 -36.587093 -5.989803 99.928589 0.848291 0.513976 0.127404 -0.524809 0.848090 0.072935 -0.070563 -0.128733 0.989166
4370.991699 -35.969839 -5.557356 99.770026 0.849086 0.513142 0.125452 -0.523714 0.848776 0.072817 -0.069115 -0.127529 0.989424
4384.795898 -35.869894 -5.271667 99.937904 0.849641 0.512191 0.125584 -0.522710 0.849479 0.071833 -0.069889 -0.126676 0.989479
4398.600098 -35.265445 -4.468510 99.985345 0.850447 0.511359 0.123499 -0.521356 0.850614 0.068146 -0.070203 -0.122341 0.990002
4412.403809 -34.380777 -4.132229 99.898428 0.850860 0.511530 0.119893 -0.521065 0.850815 0.067861 -0.067294 -0.120213 0.990465
4426.208008 -34.341996 -3.841491 99.951181 0.851043 0.510904 0.121255 -0.520606 0.851094 0.067881 -0.068518 -0.120896 0.990298
4440.012207 -33.444390 -4.151781 99.754492 0.850395 0.512660 0.118359 -0.522222 0.849839 0.071111 -0.064130 -0.122283 0.990421
4453.815918 -33.547770 -3.542661 99.850494 0.852284 0.509162 0.119860 -0.518781 0.852105 0.069161 -0.066920 -0.121126 0.990379
4467.620117 -32.768755 -3.684742 99.738410 0.853697 0.507474 0.116927 -0.516898 0.853044 0.071642 -0.063388 -0.121601 0.990553
4481.423828 -32.280574 -3.186092 99.847920 0.850300 0.513090 0.117165 -0.522414 0.849840 0.069681 -0.063819 -0.120459 0.990665
4495.228027 -31.265014 -3.083079 99.760062 0.851269 0.512465 0.112783 -0.521284 0.850504 0.070047 -0.060025 -0.118421 0.991148
4509.032227 -30.666981 -2.338801 99.789199 0.851683 0.512098 0.111314 -0.520538 0.851233 0.066649 -0.060624 -0.114707 0.991548
4522.835938 -30.221019 -2.183365 99.720496 0.853623 0.509111 0.110152 -0.517483 0.853010 0.067717 -0.059485 -0.114806 0.991605
4536.640137 -29.815826 -2.561746 99.557059 0.855653 0.505870 0.109331 -0.514440 0.854441 0.072679 -0.056651 -0.118432 0.991345
4550.443848 -28.760587 -1.474485 99.688984 0.853423 0.510267 0.106292 -0.518117 0.852732 0.066349 -0.056783 -0.111695 0.992119
4564.248047 -28.213320 -1.169396 99.636313 0.853599 0.510102 0.105658 -0.517887 0.852866 0.066433 -0.056224 -0.111426 0.992181
4578.052246 -27.720038 -0.988875 99.591761 0.854984 0.507931 0.104924 -0.515699 0.854102 0.067563 -0.055298 -0.111875 0.992182
4591.855957 -27.296723 -0.108839 99.664497 0.857662 0.503566 0.104106 -0.511066 0.857128 0.064369 -0.056818 -0.108411 0.992481
4605.660156 -26.561984 0.050299 99.624341 0.854254 0.509329 0.104083 -0.516830 0.853655 0.064494 -0.056003 -0.108887 0.992475
4619.463867 -26.337829 0.943744 99.685658 0.858279 0.502507 0.104131 -0.509854 0.858047 0.061679 -0.058355 -0.106030 0.992649
4633.268066 -25.789266 1.057093 99.615792 0.854907 0.508043 0.105006 -0.515522 0.854605 0.062350 -0.058063 -0.107436 0.992515
4647.071777 -25.393710 1.785543 99.615868 0.854314 0.508947 0.105455 -0.516323 0.854303 0.059809 -0.059651 -0.105544 0.992624
4660.875977 -25.284513 1.726875 99.510895 0.856307 0.505385 0.106416 -0.513046 0.856059 0.062818 -0.059351 -0.108388 0.992335
4674.680176 -25.184207 1.603061 99.348309 0.854069 0.508527 0.109389 -0.516719 0.853595 0.066166 -0.059726 -0.113033 0.991794
4688.483887 -24.663269 2.360316 99.433834 0.855917 0.505937 0.106932 -0.513665 0.855675 0.063000 -0.059625 -0.108850 0.992268
4702.288086 -24.709390 2.426683 99.354074 0.853997 0.508484 0.110150 -0.516715 0.853657 0.065389 -0.060781 -0.112758 0.991762
4716.091797 -23.974847 3.571107 99.544662 0.853655 0.509785 0.106735 -0.517255 0.853789 0.059097 -0.061002 -0.105657 0.992530
4729.895996 -23.803468 4.423124 99.601686 0.854153 0.508948 0.106743 -0.516255 0.854570 0.056491 -0.062468 -0.103359 0.992681
4743.700195 -23.646823 3.780487 99.369757 0.852533 0.511435 0.107798 -0.519264 0.852280 0.063115 -0.059595 -0.109783 0.992167
4757.503906 -23.553490 4.268910 99.417998 0.851405 0.513168 0.108479 -0.521050 0.851216 0.062760 -0.060133 -0.109957 0.992116
4771.308105 -23.545545 4.833057 99.453225 0.853145 0.510248 0.108587 -0.518080 0.853102 0.061732 -0.061137 -0.108923 0.992168
4785.111816 -23.537130 5.302436 99.444361 0.852035 0.511954 0.109267 -0.519863 0.852012 0.061785 -0.061466 -0.109447 0.992090
4798.916016 -23.768550 5.705530 99.444109 0.853716 0.508956 0.110148 -0.517027 0.853662 0.062806 -0.062063 -0.110568 0.991929
4812.720215 -23.738444 6.140804 99.493361 0.852959 0.510257 0.109997 -0.518279 0.852939 0.062298 -0.062033 -0.110146 0.991978
4826.523926 -23.750980 6.424819 99.557719 0.852105 0.511635 0.110212 -0.519708 0.852038 0.062732 -0.061808 -0.110732 0.991926
4840.328125 -23.627512 7.210161 99.652706 0.851657 0.512627 0.109060 -0.520395 0.851824 0.059872 -0.062208 -0.107745 0.992230
4854.131836 -23.647914 7.700389 99.649915 0.850818 0.514051 0.108900 -0.521795 0.850975 0.059763 -0.061950 -0.107671 0.992255
4867.936035 -23.738462 8.305647 99.691367 0.849105 0.516822 0.109158 -0.524511 0.849396 0.058431 -0.062520 -0.106869 0.992306
4881.739746 -23.415959 8.919649 99.634731 0.847898 0.519286 0.106827 -0.526651 0.848154 0.057210 -0.060898 -0.104769 0.992630
4895.543945 -24.080889 9.902590 99.705598 0.849275 0.516508 0.109319 -0.523962 0.849996 0.054507 -0.064767 -0.103570 0.992511
4909.348145 -24.152657 9.968424 99.767675 0.848466 0.517961 0.108727 -0.525435 0.849004 0.055764 -0.063426 -0.104443 0.992506
4923.151855 -24.210114 10.426297 99.774009 0.847698 0.519378 0.107961 -0.526744 0.848223 0.055312 -0.062847 -0.103756 0.992615
4936.956055 -24.837240 11.037492 99.791257 0.849232 0.516431 0.110020 -0.524008 0.849919 0.055262 -0.064969 -0.104581 0.992392
4950.759766 -24.791747 11.566634 99.916382 0.846924 0.520457 0.108830 -0.527799 0.847682 0.053510 -0.064404 -0.102759 0.992619
4964.563965 -25.121154 12.385088 100.016531 0.847184 0.519944 0.109259 -0.527187 0.848197 0.051341 -0.065979 -0.101095 0.992687
4978.368164 -25.682430 12.923032 100.021988 0.846847 0.520129 0.110976 -0.527554 0.847963 0.051438 -0.067349 -0.102106 0.992491
4992.171875 -25.889053 13.744836 100.114116 0.846522 0.520757 0.110508 -0.527957 0.847868 0.048812 -0.068277 -0.099664 0.992676
5005.976074 -26.639943 14.224748 100.134889 0.846905 0.519582 0.113080 -0.527039 0.848439 0.048792 -0.070590 -0.100920 0.992387
5019.779785 -26.865158 15.017385 100.293638 0.845871 0.521242 0.113174 -0.528533 0.847649 0.046305 -0.071795 -0.098985 0.992496
5033.583984 -27.189136 15.630927 100.386932 0.844056 0.524024 0.113882 -0.531358 0.845907 0.045838 -0.072313 -0.099202 0.992436
5047.388184 -27.864645 16.040871 100.441279 0.844666 0.522580 0.115970 -0.530187 0.846591 0.046737 -0.073756 -0.100963 0.992152
5061.191895 -28.336060 16.661850 100.536186 0.843336 0.524505 0.116953 -0.532140 0.845422 0.045703 -0.074903 -0.100778 0.992085
5074.996094 -28.909129 17.429207 100.635830 0.842702 0.525192 0.118435 -0.532845 0.845071 0.043944 -0.077007 -0.100139 0.991989
5088.799805 -29.927845 17.676733 100.632841 0.843737 0.522791 0.121643 -0.530906 0.846197 0.045711 -0.079037 -0.103149 0.991521
5102.604004 -30.183867 18.537722 100.781384 0.841297 0.526771 0.121371 -0.534671 0.843954 0.043225 -0.079661 -0.101259 0.991666
5116.408203 -30.317547 18.872375 100.802527 0.839315 0.530203 0.120147 -0.538044 0.841770 0.043943 -0.077838 -0.101527 0.991783
5130.211914 -31.740771 19.133563 100.811874 0.841206 0.526085 0.124931 -0.534593 0.843848 0.046158 -0.081140 -0.105616 0.991091
5144.016113 -32.164085 19.750607 100.961822 0.839785 0.528380 0.124804 -0.536748 0.842566 0.044537 -0.081623 -0.104390 0.991181
5157.819824 -32.721084 21.028487 101.200733 0.839554 0.528814 0.124519 -0.536626 0.842954 0.038237 -0.084744 -0.098922 0.991480
5171.624023 -33.825683 20.864721 101.066958 0.838406 0.529727 0.128314 -0.538340 0.841633 0.042952 -0.085241 -0.105088 0.990803
5185.427734 -34.536098 20.737456 101.148574 0.838869 0.528917 0.128629 -0.537775 0.841861 0.045471 -0.084237 -0.107318 0.990650
5199.231934 -35.058236 21.069570 101.184968 0.836935 0.532045 0.128325 -0.540913 0.839829 0.045837 -0.083384 -0.107775 0.990672
5213.036133 -36.189714 21.579754 101.322113 0.837999 0.529771 0.130767 -0.538803 0.841243 0.044743 -0.086303 -0.107953 0.990403
5226.839844 -36.240349 21.999591 101.404931 0.835614 0.534169 0.128110 -0.542797 0.838753 0.043189 -0.084383 -0.105627 0.990819
5240.644043 -37.834105 21.767016 101.448767 0.836532 0.531529 0.133013 -0.541014 0.839700 0.046995 -0.086711 -0.111275 0.990000
5254.448242 -38.246031 22.912952 101.668993 0.834999 0.534092 0.132374 -0.542996 0.838728 0.041117 -0.089065 -0.106211 0.990347
5268.251953 -38.789256 22.788509 101.709468 0.835061 0.534098 0.131957 -0.543191 0.838469 0.043742 -0.087279 -0.108205 0.990290
5282.056152 -39.241680 22.890783 101.731591 0.834508 0.535193 0.131014 -0.544216 0.837786 0.044082 -0.086170 -0.108086 0.990400
5295.859863 -39.845788 23.179923 101.758799 0.833580 0.536521 0.131488 -0.545651 0.836822 0.044653 -0.086075 -0.108969 0.990312
5309.664063 -40.603014 23.390033 101.858980 0.834434 0.535010 0.132225 -0.544174 0.837808 0.044183 -0.087140 -0.108821 0.990234
5323.467773 -41.312686 24.269739 101.983774 0.833361 0.536363 0.133506 -0.545331 0.837248 0.040368 -0.090125 -0.106446 0.990226
5337.271973 -41.806073 24.493255 102.033595 0.832003 0.538409 0.133740 -0.547399 0.835905 0.040213 -0.090143 -0.106666 0.990200
5351.075684 -42.499077 25.074818 102.195661 0.832214 0.537741 0.135110 -0.546667 0.836489 0.037964 -0.092603 -0.105455 0.990103
5364.879883 -43.302621 25.263028 102.232601 0.831208 0.538680 0.137537 -0.547831 0.835747 0.037530 -0.094729 -0.106542 0.989785
5378.684082 -43.735929 25.479331 102.262928 0.828945 0.541950 0.138349 -0.551254 0.833471 0.038019 -0.094706 -0.107781 0.989653
5392.487793 -44.551144 26.052235 102.272320 0.828957 0.541240 0.141031 -0.550536 0.834078 0.034992 -0.098692 -0.106650 0.989387
5406.291992 -45.041844 26.556529 102.352328 0.827357 0.543334 0.142370 -0.552609 0.832779 0.033206 -0.100521 -0.106148 0.989256
5420.096191 -45.264838 27.000162 102.370109 0.825827 0.545828 0.141709 -0.554907 0.831304 0.031812 -0.100439 -0.104906 0.989397
5433.899902 -45.732071 26.694841 102.295626 0.824816 0.547083 0.142753 -0.556644 0.829997 0.035388 -0.099124 -0.108651 0.989125
5447.704102 -46.253942 27.299855 102.457443 0.824369 0.547416 0.144055 -0.556826 0.829994 0.032478 -0.101785 -0.106988 0.989037
5461.507813 -46.596720 27.969187 102.652664 0.825019 0.546448 0.144008 -0.555526 0.830980 0.029389 -0.103608 -0.104247 0.989140
5475.312012 -47.230560 29.077588 102.902969 0.824616 0.546463 0.146242 -0.555022 0.831534 0.022413 -0.109357 -0.099649 0.988995
5489.115723 -47.045658 29.407802 102.867299 0.823830 0.548302 0.143769 -0.556547 0.830533 0.021677 -0.107519 -0.097872 0.989374
5502.919922 -47.050723 28.705437 102.712005 0.822260 0.551004 0.142419 -0.559840 0.828115 0.028360 -0.102313 -0.103051 0.989400
5516.724121 -47.457351 29.945467 102.962365 0.823009 0.549545 0.143722 -0.557763 0.829725 0.021378 -0.107502 -0.097757 0.989387
5530.527832 -47.866879 30.152507 102.964625 0.822828 0.549516 0.144866 -0.557825 0.829689 0.021171 -0.108560 -0.098230 0.989225
5544.332031 -47.881341 30.463807 102.963941 0.821621 0.551457 0.144340 -0.559741 0.828395 0.021274 -0.107839 -0.098272 0.989299
5558.136230 -48.100299 31.130758 103.031667 0.822009 0.550729 0.144909 -0.558843 0.829049 0.019268 -0.109525 -0.096820 0.989257
5571.939941 -48.334753 31.531232 103.061798 0.822529 0.549785 0.145543 -0.557911 0.829685 0.018894 -0.110368 -0.096741 0.989171
5585.744141 -48.247135 31.845426 103.057606 0.819980 0.553721 0.145000 -0.561840 0.827028 0.019000 -0.109398 -0.097046 0.989249
5599.547852 -48.535991 32.359209 103.124756 0.820256 0.552977 0.146279 -0.561042 0.827604 0.017446 -0.111413 -0.096378 0.989090
5613.352051 -48.537111 32.728839 103.097006 0.819748 0.553773 0.146112 -0.561868 0.827036 0.017794 -0.110986 -0.096683 0.989108
5627.155762 -48.593113 33.113689 103.116240 0.818686 0.555254 0.146447 -0.563407 0.825986 0.017902 -0.111023 -0.097166 0.989056
5640.959961 -48.543778 33.535786 103.144320 0.817757 0.556713 0.146097 -0.564775 0.825064 0.017282 -0.110919 -0.096645 0.989119
5654.763672 -48.588036 34.289972 103.176843 0.818113 0.556218 0.145990 -0.564025 0.825619 0.015153 -0.112104 -0.094739 0.989170
5668.567871 -48.800932 34.813473 103.206293 0.818239 0.555767 0.146999 -0.563633 0.825892 0.014851 -0.113152 -0.095006 0.989025
5682.372070 -48.835749 35.326220 103.238099 0.817915 0.556219 0.147089 -0.564040 0.825623 0.014341 -0.113464 -0.094694 0.989019
5696.175781 -48.740575 35.512702 103.207506 0.816550 0.558316 0.146728 -0.566253 0.824086 0.015499 -0.112263 -0.095740 0.989055
5709.979980 -48.582682 36.297056 103.246525 0.815032 0.560723 0.145989 -0.568421 0.822622 0.013829 -0.112339 -0.094254 0.989190
5723.783691 -48.684090 36.479863 103.272989 0.815433 0.559984 0.146584 -0.567967 0.822898 0.015893 -0.111724 -0.096214 0.989071
5737.587891 -48.603402 37.385789 103.360302 0.814307 0.561658 0.146441 -0.569364 0.821976 0.013440 -0.112823 -0.094322 0.989128
5751.392090 -48.409296 37.809056 103.343479 0.813327 0.563338 0.145430 -0.571088 0.820760 0.014549 -0.111168 -0.094886 0.989262
5765.195801 -48.664428 38.158233 103.416292 0.813465 0.562763 0.146877 -0.570650 0.821064 0.014562 -0.112401 -0.095662 0.989047
5779.000000 -48.303531 38.518541 103.332542 0.812292 0.564992 0.144793 -0.572812 0.819538 0.015598 -0.109850 -0.095609 0.989339
5792.804199 -48.226275 39.097172 103.345561 0.811875 0.565628 0.144652 -0.573389 0.819143 0.015135 -0.109930 -0.095230 0.989367
5806.607910 -47.976164 39.452016 103.394269 0.811124 0.567009 0.143450 -0.574767 0.818159 0.016058 -0.108260 -0.095476 0.989527
5820.412109 -47.718543 40.153356 103.402874 0.810131 0.568625 0.142667 -0.576158 0.817208 0.014570 -0.108304 -0.094002 0.989664
