1249 -10.04 445.97 -22.618 -0.71099 -0.63273 -0.30683 -0.70212 0.61457 0.35963 -0.03898 0.47113 -0.8812
1259 -149.38 538.2 -83.438 -0.98833 0.14104 -0.057544 -0.010711 0.31248 0.94986 0.15195 0.93939 -0.30733
1269 -149.27 538.28 -83.419 -0.98825 0.14033 -0.060497 -0.014427 0.30845 0.95113 0.15213 0.94083 -0.3028
1279 -149.83 536.85 -83.454 -0.98788 0.14625 -0.052017 -0.004784 0.30627 0.95193 0.15515 0.94064 -0.30186
1289 -154.36 527.05 -83.367 -0.9837 0.17874 -0.019689 0.042844 0.33931 0.9397 0.17464 0.92354 -0.34143
1299 -149.91 536.38 -83.384 -0.9876 0.1465 -0.056376 -0.009697 0.30152 0.95341 0.15668 0.94214 -0.29636
1309 -154.38 526.78 -83.392 -0.98369 0.17846 -0.022573 0.038816 0.33311 0.94209 0.17565 0.92584 -0.33461
1319 -154.36 526.6 -83.436 -0.98376 0.1778 -0.024509 0.036174 0.33017 0.94323 0.1758 0.92702 -0.33124
1329 -154.4 526.31 -83.375 -0.98383 0.17711 -0.026727 0.03365 0.32933 0.94362 0.17592 0.92746 -0.32996
1339 -149.71 536.57 -83.242 -0.98772 0.14093 -0.067495 -0.024296 0.28818 0.95727 0.15436 0.94715 -0.28122
1349 -149.19 537.98 -83.158 -0.98786 0.13448 -0.077816 -0.037328 0.28075 0.95905 0.15082 0.95031 -0.27232
1359 -154.42 525.91 -83.414 -0.98435 0.17275 -0.034682 0.023332 0.3229 0.94615 0.17464 0.93053 -0.32188
1369 -154.48 525.31 -83.259 -0.98452 0.1714 -0.03658 0.021345 0.32443 0.94567 0.17396 0.93025 -0.32306
1379 -154.53 525.11 -83.264 -0.98475 0.16956 -0.039018 0.018128 0.32301 0.94622 0.17305 0.93108 -0.32116
1389 -154.62 525.21 -83.302 -0.98487 0.16873 -0.039479 0.016857 0.32002 0.94726 0.17247 0.93226 -0.31803
1399 -154.61 525.04 -83.306 -0.98511 0.16705 -0.040766 0.014971 0.3195 0.94747 0.1713 0.93275 -0.31724
1409 -154.72 524.87 -83.287 -0.98525 0.16621 -0.040569 0.014707 0.31852 0.9478 0.17046 0.93323 -0.31627
1419 -154.79 525.03 -83.358 -0.98545 0.16533 -0.039473 0.015006 0.31595 0.94866 0.16931 0.93426 -0.31383
1429 -154.83 524.72 -83.29 -0.98567 0.16404 -0.039452 0.014739 0.31666 0.94842 0.16807 0.93425 -0.31454
1439 -154.88 524.72 -83.274 -0.98584 0.16315 -0.038838 0.014953 0.31616 0.94859 0.16705 0.93457 -0.31412
1449 -154.99 524.66 -83.318 -0.98598 0.16258 -0.037549 0.01585 0.31528 0.94887 0.1661 0.93497 -0.31343
1459 -155.07 524.67 -83.318 -0.98615 0.16164 -0.037262 0.015838 0.31536 0.94884 0.16512 0.9351 -0.31355
1469 -155.15 524.64 -83.326 -0.98627 0.16093 -0.037145 0.015763 0.31559 0.94876 0.16441 0.93515 -0.3138
1479 -155.07 524.38 -83.274 -0.98656 0.15904 -0.037583 0.015125 0.31785 0.94802 0.16272 0.93471 -0.31598
1489 -155.15 524.39 -83.23 -0.98667 0.15843 -0.037278 0.015471 0.31931 0.94752 0.16202 0.93432 -0.3175
1499 -155.12 523.7 -83.126 -0.98681 0.15697 -0.03956 0.013436 0.32295 0.94632 0.16132 0.93331 -0.3208
1509 -155.29 524.98 -83.344 -0.98677 0.15789 -0.036856 0.015489 0.31808 0.94794 0.16139 0.93483 -0.31632
1519 -155.19 524.23 -83.099 -0.98697 0.15657 -0.037029 0.016091 0.32506 0.94556 0.16008 0.93264 -0.32335
1529 -155.22 524.08 -83.055 -0.98696 0.15686 -0.036242 0.017367 0.32754 0.94468 0.16005 0.93172 -0.326
1539 -155.18 524.24 -83.108 -0.98699 0.15649 -0.036766 0.01686 0.32822 0.94445 0.15987 0.93155 -0.32659
1549 -155.24 524.5 -83.129 -0.98687 0.15751 -0.035646 0.0183 0.32837 0.94437 0.16045 0.93132 -0.32694
1559 -155.06 523.73 -82.938 -0.98694 0.15662 -0.037705 0.016904 0.33345 0.94262 0.1602 0.92967 -0.33174
1569 -155.2 524.34 -83.024 -0.98677 0.15829 -0.035099 0.01996 0.33343 0.94256 0.16091 0.92939 -0.33217
1579 -155.12 524.38 -83.031 -0.98677 0.15815 -0.035736 0.019587 0.33507 0.94199 0.16095 0.92883 -0.33374
1589 -155.03 524.76 -83.06 -0.98677 0.15802 -0.036333 0.019 0.33522 0.94195 0.16103 0.92879 -0.33379
1599 -154.76 524.41 -82.967 -0.98677 0.15838 -0.034683 0.021321 0.33883 0.94061 0.16072 0.92742 -0.33772
1609 -154.75 524.83 -82.985 -0.98672 0.15871 -0.034652 0.021493 0.33897 0.94055 0.16102 0.92731 -0.33788
1619 -154.76 524.17 -82.884 -0.98682 0.157 -0.039111 0.017539 0.34411 0.93876 0.16084 0.92571 -0.34233
1629 -155.01 524.87 -83.009 -0.98662 0.15895 -0.036429 0.020587 0.34302 0.9391 0.16176 0.92578 -0.3417
1639 -154.7 524.23 -82.871 -0.98689 0.15619 -0.040603 0.016472 0.34778 0.93743 0.16054 0.92448 -0.34579
1649 -154.85 525.14 -83.025 -0.98672 0.15871 -0.034454 0.02273 0.34502 0.93832 0.16081 0.92508 -0.34405
1659 -154.82 525.32 -83.082 -0.98679 0.15807 -0.035488 0.021667 0.34586 0.93803 0.16055 0.92488 -0.34472
1669 -154.84 525.26 -83.06 -0.98687 0.15756 -0.0354 0.021815 0.34728 0.93751 0.16 0.92443 -0.34616
1679 -154.78 525.45 -83.104 -0.98697 0.15681 -0.035973 0.02104 0.34748 0.93745 0.1595 0.92448 -0.34626
1689 -154.84 525.79 -83.151 -0.98699 0.1568 -0.035466 0.021441 0.34704 0.93761 0.15933 0.92465 -0.34588
1699 -154.88 525.28 -83.012 -0.98704 0.15657 -0.035231 0.022239 0.35085 0.93617 0.15893 0.92325 -0.34979
1709 -154.92 525.48 -83.076 -0.98703 0.15657 -0.035449 0.022033 0.35086 0.93617 0.15901 0.92324 -0.34976
1719 -154.85 525.51 -83.049 -0.98717 0.15552 -0.036197 0.02105 0.35146 0.93597 0.15828 0.92319 -0.35023
1729 -154.97 525.88 -83.14 -0.98713 0.15579 -0.036108 0.021002 0.35011 0.93647 0.15854 0.92366 -0.34888
1739 -154.93 525.77 -83.081 -0.98718 0.15563 -0.035353 0.021894 0.35148 0.93594 0.15809 0.92317 -0.35038
1749 -154.92 526.02 -83.151 -0.98716 0.15594 -0.034478 0.02266 0.35045 0.93631 0.15809 0.92351 -0.34949
1759 -154.9 525.76 -83.1 -0.98708 0.1569 -0.032656 0.025 0.35203 0.93566 0.1583 0.92275 -0.3514
1769 -154.82 525.92 -83.101 -0.98695 0.15781 -0.032012 0.02595 0.35208 0.93561 0.15892 0.92257 -0.35158
1779 -154.79 525.93 -83.069 -0.98669 0.15999 -0.029121 0.029621 0.35291 0.93519 0.1599 0.92188 -0.35295
1789 -154.67 526.25 -83.118 -0.9864 0.1621 -0.027034 0.032141 0.35161 0.93559 0.16117 0.922 -0.35204
1799 -154.54 526.14 -83.067 -0.98607 0.16445 -0.025141 0.035004 0.35284 0.93503 0.16263 0.92112 -0.35368
1809 -154.57 525.59 -82.863 -0.98571 0.16632 -0.026601 0.034882 0.35608 0.93381 0.16479 0.91954 -0.35679
1819 -154.31 525.53 -82.797 -0.98543 0.16813 -0.025667 0.036557 0.35678 0.93347 0.1661 0.91893 -0.35773
1829 -154.14 526.04 -82.843 -0.98511 0.17043 -0.022711 0.039755 0.35429 0.93429 0.16728 0.91948 -0.35579
1839 -153.97 527.54 -83.092 -0.98475 0.17293 -0.019137 0.042762 0.34719 0.93682 0.16864 0.92171 -0.34929
1849 -153.56 528.05 -83.124 -0.98483 0.17237 -0.020041 0.041107 0.34394 0.93809 0.16859 0.92304 -0.34581
1859 -153.19 529.13 -83.335 -0.98482 0.17249 -0.019388 0.04042 0.33653 0.94081 0.1688 0.92574 -0.33839
1869 -152.64 529.77 -83.346 -0.98508 0.17079 -0.021302 0.037321 0.33278 0.94227 0.16802 0.92741 -0.33419
1879 -152.05 530.44 -83.371 -0.9854 0.16887 -0.021871 0.035396 0.32878 0.94374 0.16656 0.92919 -0.32996
1889 -151.45 530.66 -83.279 -0.98568 0.167 -0.023496 0.033033 0.32782 0.94416 0.16538 0.92987 -0.32864
1899 -150.86 531.4 -83.308 -0.98588 0.16575 -0.023722 0.031737 0.32408 0.9455 0.16441 0.93139 -0.32477
1909 -150.19 531.74 -83.252 -0.98602 0.16474 -0.025076 0.030062 0.32388 0.94562 0.1639 0.93165 -0.3243
1919 -149.6 532.51 -83.308 -0.98599 0.16479 -0.02567 0.02892 0.32052 0.9468 0.16425 0.9328 -0.3208
1929 -142.89 547.97 -82.989 -0.9894 0.11885 -0.083388 -0.04935 0.26485 0.96303 0.13655 0.95694 -0.25617
1939 -148.32 533.47 -83.235 -0.9857 0.1666 -0.02523 0.029923 0.32043 0.9468 0.16582 0.93251 -0.32083
1949 -147.58 533.9 -83.195 -0.98558 0.16712 -0.026562 0.029018 0.32157 0.94644 0.16671 0.93202 -0.32178
1959 -141.59 546.84 -83.097 -0.98887 0.12879 -0.074474 -0.036392 0.27598 0.96047 0.14425 0.95249 -0.26823
1969 -140.6 548.27 -83.079 -0.98872 0.12679 -0.079734 -0.042433 0.27342 0.96096 0.14364 0.9535 -0.26496
1979 -140.21 547.5 -83.121 -0.98857 0.13022 -0.075929 -0.036872 0.27951 0.95943 0.14616 0.95127 -0.27152
1989 -139.91 546.96 -83.143 -0.98847 0.13387 -0.070722 -0.030166 0.2836 0.95847 0.14837 0.94955 -0.27629
1999 -144.05 535.75 -83.14 -0.98484 0.17203 -0.022076 0.03604 0.32748 0.94417 0.16966 0.92907 -0.32872
2009 -138.13 548.31 -83.183 -0.98874 0.1292 -0.07549 -0.035995 0.28431 0.95806 0.14525 0.94999 -0.27646
2019 -142.33 536.73 -83.193 -0.98553 0.16783 -0.023862 0.033192 0.32909 0.94372 0.16624 0.92927 -0.3299
2029 -141.49 537.3 -83.22 -0.98589 0.16551 -0.024991 0.031285 0.32888 0.94385 0.16443 0.92976 -0.32942
2039 -135.67 549.73 -83.255 -0.98938 0.12274 -0.077901 -0.039937 0.28577 0.95747 0.13978 0.95041 -0.27783
2049 -139.76 538.49 -83.317 -0.98658 0.16099 -0.02716 0.0278 0.32959 0.94372 0.16088 0.9303 -0.32964
2059 -133.52 552.42 -83.237 -0.98964 0.1142 -0.087051 -0.051947 0.28044 0.95847 0.13387 0.95305 -0.2716
2069 -138.06 539.34 -83.346 -0.98706 0.15751 -0.030151 0.024001 0.33098 0.94333 0.15856 0.9304 -0.33048
2079 -137.29 539.9 -83.328 -0.98721 0.15639 -0.03094 0.022938 0.3314 0.94321 0.15776 0.93044 -0.33075
2089 -136.56 540.17 -83.328 -0.98723 0.15607 -0.031783 0.022357 0.33337 0.94253 0.1577 0.92979 -0.3326
2099 -130.77 553.28 -83.422 -0.98949 0.11354 -0.089545 -0.053346 0.28894 0.95586 0.13441 0.95059 -0.27985
2109 -129.55 555.1 -83.357 -0.98941 0.10939 -0.095396 -0.060903 0.28369 0.95698 0.13175 0.95266 -0.27403
2119 -133.96 541.22 -83.391 -0.98748 0.15307 -0.038111 0.015982 0.33744 0.94121 0.15693 0.92882 -0.33566
2129 -129.12 551.5 -83.565 -0.98943 0.11947 -0.082157 -0.042529 0.30256 0.95218 0.13862 0.94561 -0.29429
2138.9 -131.85 541.9 -83.477 -0.98796 0.14843 -0.043692 0.009369 0.33925 0.94065 0.15444 0.92891 -0.33655
2148.9 -130.93 541.86 -83.392 -0.98803 0.1476 -0.044857 0.008369 0.34164 0.93979 0.15404 0.92817 -0.33879
2158.9 -130.08 542.38 -83.446 -0.98804 0.14759 -0.044613 0.008473 0.34089 0.94007 0.15395 0.92845 -0.33806
2168.9 -129.12 542.78 -83.478 -0.98815 0.14677 -0.045028 0.007719 0.34042 0.94024 0.15333 0.92875 -0.33752
2178.9 -128.13 542.74 -83.481 -0.9883 0.14566 -0.045307 0.007224 0.34136 0.9399 0.15238 0.92858 -0.33842
2188.9 -127.18 543.05 -83.523 -0.98841 0.14497 -0.044984 0.00716 0.34057 0.94019 0.15162 0.92898 -0.33766
2198.9 -126.58 542.75 -83.366 -0.98833 0.1442 -0.049057 0.003304 0.34229 0.93959 0.15228 0.92846 -0.33877
2208.9 -125.55 542.8 -83.427 -0.98846 0.14309 -0.04968 0.002237 0.34174 0.93979 0.15145 0.92884 -0.33811
2218.9 -124.6 543.93 -83.692 -0.9886 0.14283 -0.047741 0.003228 0.33703 0.94149 0.15057 0.9306 -0.33364
2228.9 -123.75 543.63 -83.591 -0.98857 0.1435 -0.046275 0.005014 0.33802 0.94112 0.1507 0.93013 -0.33488
2238.9 -122.69 543.78 -83.599 -0.9886 0.14339 -0.046039 0.005041 0.33704 0.94148 0.15052 0.93051 -0.33392
2248.9 -121.66 543.97 -83.61 -0.98857 0.14377 -0.045315 0.005644 0.3357 0.94195 0.15064 0.93093 -0.33268
2258.9 -120.75 544.26 -83.653 -0.98845 0.14475 -0.0448 0.006131 0.33362 0.94269 0.1514 0.93153 -0.33066
2268.9 -119.41 543.56 -83.516 -0.98849 0.14398 -0.046396 0.004774 0.33625 0.94176 0.1512 0.9307 -0.33307
2278.9 -120.43 544.18 -82.927 -0.98683 0.15473 -0.047126 0.007192 0.33305 0.94288 0.16158 0.93013 -0.32978
2288.9 -121.25 546.54 -82.83 -0.98529 0.16687 -0.036877 0.018989 0.32135 0.94677 0.16984 0.93214 -0.31979
2298.9 -116.63 544.86 -83.595 -0.98814 0.14836 -0.039625 0.011818 0.33076 0.94364 0.1531 0.93198 -0.32859
2308.9 -115.84 544.87 -83.591 -0.98803 0.14927 -0.038915 0.012736 0.33036 0.94377 0.15373 0.93198 -0.3283
2318.9 28.666 466.38 -24.554 -0.69322 -0.65139 -0.30843 -0.717 0.5799 0.38681 -0.073108 0.48929 -0.86905
2328.9 -108.19 560.25 -83.374 -0.9895 0.10011 -0.10428 -0.073504 0.27269 0.95929 0.12447 0.95688 -0.26247
2338.9 -112.68 544.95 -83.63 -0.98835 0.14573 -0.043999 0.006782 0.33089 0.94364 0.15208 0.93235 -0.32803
2348.9 -111.72 544.92 -83.629 -0.98841 0.14481 -0.045512 0.005244 0.33222 0.94319 0.1517 0.93202 -0.32913
2358.9 -110.88 544.98 -83.594 -0.9884 0.1448 -0.045889 0.004978 0.33282 0.94298 0.15182 0.93181 -0.32968
2368.9 -109.95 545.18 -83.647 -0.98845 0.14438 -0.046047 0.004737 0.33314 0.94286 0.15147 0.93176 -0.32998
2378.9 -109.38 544.55 -83.401 -0.98827 0.14387 -0.051154 0.000319 0.33694 0.94152 0.1527 0.93047 -0.33304
2388.9 -108.59 544.75 -83.456 -0.98823 0.14448 -0.050268 0.001411 0.3372 0.94143 0.15297 0.93028 -0.33344
2398.9 -107.82 544.9 -83.431 -0.98813 0.14516 -0.050339 0.001664 0.33773 0.94124 0.15364 0.92998 -0.33396
2408.9 -106.58 544.42 -83.393 -0.98829 0.14286 -0.053682 -0.001812 0.34075 0.94015 0.1526 0.92924 -0.3365
2418.9 -105.78 544.56 -83.402 -0.98824 0.14313 -0.053813 -0.001727 0.34146 0.9399 0.1529 0.92894 -0.33719
2428.9 -105.03 544.88 -83.423 -0.98821 0.14323 -0.054011 -0.001977 0.34087 0.94011 0.15306 0.92913 -0.33657
2438.9 -104.43 545.62 -83.613 -0.9882 0.14432 -0.051291 0.000703 0.33916 0.94073 0.15316 0.92959 -0.33526
2448.9 -103.7 545.7 -83.585 -0.98823 0.1441 -0.051267 0.000829 0.34022 0.94034 0.15295 0.92924 -0.33634
2458.9 -102.81 546.05 -83.627 -0.98835 0.14274 -0.05277 -0.001117 0.33995 0.94044 0.15218 0.92955 -0.33583
2468.9 -102.11 546.08 -83.624 -0.98837 0.14285 -0.052219 -0.000324 0.34135 0.93994 0.1521 0.92902 -0.33733
2478.9 -101.28 546.21 -83.599 -0.98843 0.1418 -0.053817 -0.002041 0.34237 0.93956 0.15165 0.9288 -0.33812
2488.9 -100.49 546.36 -83.617 -0.98845 0.1414 -0.054436 -0.002695 0.34281 0.9394 0.15149 0.9287 -0.33847
2498.9 -99.819 546.47 -83.601 -0.98835 0.14191 -0.054928 -0.002845 0.34368 0.93908 0.15214 0.9283 -0.33927
2508.9 -98.913 546.73 -83.662 -0.98842 0.14099 -0.056052 -0.004224 0.34372 0.93906 0.15167 0.92843 -0.33914
2518.9 -99.64 554.1 -86.297 -0.98702 0.15092 -0.054927 -0.008805 0.29064 0.95679 0.16036 0.94486 -0.28554
2528.9 -132.56 723.5 58.823 -0.91625 0.39618 0.059394 -0.40014 -0.8979 -0.18346 -0.019352 -0.19186 0.98123
2538.9 -131.56 723.64 58.904 -0.91678 0.39494 0.059443 -0.39892 -0.8983 -0.18417 -0.01934 -0.19256 0.9811
2548.9 -90.887 561.2 -83.721 -0.98889 0.10243 -0.10776 -0.073638 0.29224 0.95351 0.12916 0.95084 -0.28145
2558.9 -94.695 547.79 -83.624 -0.98844 0.14214 -0.052788 -0.000826 0.34309 0.9393 0.15162 0.92849 -0.33901
2568.9 -94.249 548.25 -83.712 -0.9883 0.14234 -0.054721 -0.002792 0.34187 0.93974 0.15247 0.9289 -0.33748
2578.9 -88.311 562.44 -83.706 -0.98882 0.10005 -0.11061 -0.077404 0.28968 0.95399 0.12748 0.95188 -0.27869
2588.9 -92.219 548.43 -83.664 -0.98856 0.14123 -0.053017 -0.001424 0.34269 0.93945 0.15085 0.92877 -0.33857
2598.9 -91.362 548.75 -83.652 -0.98849 0.14123 -0.054187 -0.002581 0.34242 0.93954 0.15125 0.92887 -0.33811
2608.9 -90.545 549.01 -83.647 -0.98839 0.14172 -0.054811 -0.002944 0.3428 0.93941 0.15192 0.92866 -0.3384
2618.9 -89.752 549.38 -83.708 -0.98825 0.1427 -0.054739 -0.002718 0.34168 0.93981 0.15282 0.92892 -0.33728
2628.9 -89.053 548.83 -83.478 -0.98807 0.14187 -0.059953 -0.007295 0.34571 0.93832 0.15385 0.92756 -0.34055
2638.9 -88.256 549.16 -83.496 -0.98792 0.14298 -0.059725 -0.006874 0.34463 0.93871 0.1548 0.92779 -0.33948
2648.9 -87.385 549.5 -83.518 -0.98781 0.14344 -0.06043 -0.007428 0.34436 0.93881 0.15547 0.92781 -0.3391
2658.9 -86.709 550.59 -83.762 -0.98746 0.14563 -0.060977 -0.008151 0.33868 0.94087 0.15767 0.92956 -0.33324
2668.9 -85.881 550.79 -83.694 -0.98726 0.14646 -0.062109 -0.008997 0.33838 0.94097 0.15883 0.92954 -0.33276
2678.9 -85.043 551.48 -83.785 -0.98711 0.1472 -0.062829 -0.009834 0.33603 0.9418 0.15975 0.93028 -0.33025
2688.9 -84.158 551.62 -83.702 -0.98701 0.14746 -0.063807 -0.010531 0.3369 0.94148 0.16033 0.92992 -0.33097
2698.9 -83.509 552.94 -83.949 -0.98682 0.14941 -0.062175 -0.0092 0.33178 0.94331 0.16157 0.93145 -0.32603
2708.9 -82.233 552.36 -83.729 -0.98686 0.14703 -0.066985 -0.013774 0.33652 0.94158 0.16098 0.93013 -0.33007
2718.9 -81.699 553.62 -83.951 -0.9867 0.1497 -0.063393 -0.01024 0.33195 0.94324 0.16224 0.93134 -0.326
2728.9 -80.732 553.85 -83.921 -0.98666 0.14954 -0.064408 -0.011144 0.33263 0.94299 0.16244 0.93113 -0.32652
2738.9 -79.823 554.5 -83.955 -0.98659 0.14957 -0.065364 -0.012321 0.33107 0.94353 0.16276 0.93168 -0.32478
2748.9 -78.907 554.63 -83.889 -0.98651 0.14996 -0.06563 -0.012041 0.33336 0.94272 0.16325 0.9308 -0.32706
2758.9 -73.605 567.61 -83.963 -0.98677 0.1154 -0.11384 -0.076735 0.28606 0.95513 0.14279 0.95124 -0.27342
2768.9 -72.578 567.86 -83.976 -0.98658 0.11475 -0.11613 -0.078894 0.28763 0.95449 0.14293 0.95084 -0.27472
2778.9 -76.158 556.06 -83.95 -0.98608 0.15106 -0.069495 -0.015236 0.33411 0.94241 0.16558 0.93035 -0.32715
2788.9 -75.201 556.45 -83.92 -0.98593 0.15113 -0.071435 -0.016916 0.33495 0.94208 0.1663 0.93004 -0.32768
2798.9 -70.445 567.53 -84.083 -0.98615 0.12088 -0.11359 -0.073441 0.29585 0.9524 0.14873 0.94755 -0.28288
2808.9 -72.915 557.35 -83.945 -0.98601 0.15025 -0.07221 -0.017812 0.33574 0.94179 0.16575 0.9299 -0.32836
2818.9 -71.81 557.83 -83.947 -0.98614 0.14878 -0.073397 -0.019271 0.33669 0.94142 0.16478 0.92979 -0.32915
2828.9 -71.048 557.51 -83.755 -0.98587 0.14721 -0.079925 -0.02525 0.34108 0.93969 0.16559 0.92844 -0.33255
2838.9 -69.745 558.87 -84 -0.98623 0.14683 -0.076073 -0.022288 0.33781 0.94095 0.16386 0.92969 -0.32988
2848.9 -68.712 559.4 -84.013 -0.98621 0.14621 -0.07748 -0.023678 0.33873 0.94058 0.16376 0.92945 -0.3306
2858.9 -67.578 559.91 -84.055 -0.98629 0.14521 -0.078402 -0.024768 0.33947 0.94029 0.16315 0.92934 -0.33121
2868.9 -66.53 560.2 -84.006 -0.98631 0.14425 -0.079907 -0.026111 0.34185 0.93939 0.16282 0.92862 -0.3334
2878.9 -65.587 560.15 -83.804 -0.98603 0.14227 -0.086648 -0.032572 0.34545 0.93787 0.16336 0.92759 -0.33599
2888.9 -64.418 560.55 -83.832 -0.98604 0.14121 -0.088227 -0.034232 0.34663 0.93738 0.16295 0.92731 -0.33696
2898.9 -63.406 561.2 -83.878 -0.98605 0.14106 -0.088324 -0.034316 0.34697 0.93725 0.16285 0.92721 -0.33729
2908.9 -62.159 561.87 -83.935 -0.98608 0.13978 -0.090027 -0.036398 0.34686 0.93721 0.16223 0.92744 -0.33694
2918.9 -61.018 562.36 -83.91 -0.986 0.13917 -0.091793 -0.038168 0.34752 0.93689 0.16229 0.92729 -0.33735
2928.9 -59.808 562.89 -83.91 -0.98601 0.13834 -0.09301 -0.039456 0.34842 0.93651 0.16196 0.92707 -0.33809
2938.9 -58.555 563.45 -83.937 -0.98599 0.13752 -0.09437 -0.041059 0.34826 0.9365 0.16165 0.92726 -0.33774
2948.9 -57.242 563.9 -83.928 -0.98583 0.13683 -0.097028 -0.043739 0.34875 0.9362 0.16193 0.92717 -0.33782
2958.9 -56.078 564.73 -83.976 -0.98571 0.13726 -0.097619 -0.044345 0.34764 0.93658 0.16249 0.92753 -0.33658
2968.9 -54.946 565.85 -84.188 -0.98577 0.13808 -0.095884 -0.042741 0.34577 0.93734 0.16258 0.9281 -0.33495
2978.9 -53.683 566.31 -84.144 -0.9857 0.13828 -0.096309 -0.042975 0.34635 0.93712 0.16294 0.92786 -0.33546
2988.9 -52.367 566.99 -84.189 -0.98573 0.13791 -0.09649 -0.04349 0.34512 0.93755 0.16259 0.92837 -0.3342
2998.9 -46.431 581.66 -84.222 -0.98344 0.098171 -0.15234 -0.11791 0.29177 0.94919 0.13763 0.95144 -0.27536
3008.9 -45.816 579.63 -84.339 -0.98412 0.10483 -0.14327 -0.10584 0.30145 0.94759 0.14253 0.9477 -0.28557
3018.9 -44.943 578.73 -84.43 -0.98419 0.10825 -0.14016 -0.10089 0.30769 0.94612 0.14554 0.94531 -0.29191
3028.9 -43.198 581.04 -84.389 -0.98351 0.10406 -0.14793 -0.11067 0.30068 0.94728 0.14306 0.94803 -0.28421
3038.9 -41.904 581.51 -84.382 -0.98311 0.10392 -0.15063 -0.11318 0.30157 0.9467 0.14381 0.94776 -0.28472
3048.9 -44.107 570.1 -84.228 -0.98529 0.13721 -0.1019 -0.048739 0.34589 0.93701 0.16382 0.92819 -0.33411
3058.9 -42.732 570.45 -84.208 -0.98513 0.13694 -0.10379 -0.050391 0.34722 0.93643 0.16427 0.92773 -0.33515
3068.9 -41.463 571.02 -84.186 -0.98499 0.13743 -0.10441 -0.050736 0.34766 0.93625 0.16496 0.9275 -0.33547
3078.9 -40.418 570.9 -84.046 -0.9845 0.1365 -0.11013 -0.056071 0.35 0.93507 0.16618 0.92675 -0.33692
3088.9 -39.1 571.55 -84.09 -0.98447 0.13633 -0.11058 -0.05665 0.34947 0.93523 0.16615 0.92698 -0.33632
3098.9 -37.685 571.85 -84.036 -0.98457 0.13502 -0.11127 -0.057472 0.35109 0.93457 0.16525 0.92655 -0.33792
3108.9 -36.462 572.41 -84.022 -0.98453 0.13529 -0.11133 -0.057554 0.35041 0.93483 0.16549 0.92677 -0.33721
3118.9 -35.092 573 -84.069 -0.98446 0.13398 -0.11352 -0.060127 0.35021 0.93474 0.165 0.92704 -0.33671
3128.9 -33.974 573.61 -84.037 -0.98439 0.13427 -0.11379 -0.060286 0.3502 0.93473 0.16535 0.927 -0.33664
3138.8 -32.666 574.22 -84.02 -0.98432 0.13319 -0.11561 -0.062312 0.35057 0.93446 0.16499 0.92702 -0.33678
3148.8 -39.338 581.82 -82.953 -0.97957 0.18235 -0.084765 -0.022745 0.31836 0.9477 0.19979 0.93027 -0.30771
3158.8 -30.403 575.93 -84.29 -0.98437 0.13378 -0.11451 -0.061392 0.34875 0.9352 0.16504 0.92762 -0.33509
3168.8 -29.17 576.41 -84.263 -0.98434 0.13311 -0.11558 -0.062365 0.35031 0.93456 0.16489 0.92713 -0.33652
3178.8 -24.06 590.03 -84.457 -0.98096 0.09827 -0.16748 -0.13098 0.30188 0.9443 0.14336 0.94827 -0.28326
3188.8 -22.874 590.68 -84.475 -0.98089 0.097878 -0.16817 -0.13174 0.302 0.94416 0.1432 0.94827 -0.28333
3198.8 -25.142 577.89 -84.243 -0.98459 0.13126 -0.11556 -0.062444 0.35337 0.9334 0.16335 0.92623 -0.33973
3208.8 -23.973 578.52 -84.261 -0.98462 0.13078 -0.11581 -0.062773 0.35377 0.93322 0.16301 0.92614 -0.34012
3218.8 -22.744 579.22 -84.264 -0.98459 0.12985 -0.1171 -0.064328 0.35375 0.93312 0.16259 0.92628 -0.33995
3228.8 -21.797 579.92 -84.314 -0.98441 0.13051 -0.11792 -0.064907 0.35357 0.93315 0.16348 0.92626 -0.33959
3238.8 -20.584 580.55 -84.328 -0.98436 0.12956 -0.11936 -0.06646 0.35436 0.93274 0.16314 0.92609 -0.34021
3248.8 -19.483 581.19 -84.372 -0.98425 0.12942 -0.12041 -0.06751 0.35432 0.93268 0.16337 0.92613 -0.34
3258.8 -18.364 581.6 -84.374 -0.98426 0.12943 -0.12037 -0.067309 0.35521 0.93236 0.16343 0.92578 -0.34091
3268.8 -17.201 582.1 -84.361 -0.98429 0.12908 -0.1205 -0.067432 0.35593 0.93208 0.1632 0.92556 -0.34163
3278.8 -16.03 581.76 -84.195 -0.98358 0.12633 -0.12891 -0.075662 0.35983 0.92995 0.16386 0.92443 -0.34436
3288.8 -14.852 582.22 -84.186 -0.98375 0.12611 -0.12782 -0.074665 0.36011 0.92992 0.1633 0.92435 -0.34484
3298.8 -13.677 582.67 -84.144 -0.98373 0.12539 -0.12869 -0.07565 0.3606 0.92965 0.16297 0.92426 -0.34525
3308.8 -12.51 583.22 -84.248 -0.98387 0.12533 -0.12764 -0.074869 0.35956 0.93012 0.16247 0.92467 -0.34437
3318.8 -11.294 583.6 -84.209 -0.98386 0.12473 -0.1283 -0.075636 0.35994 0.9299 0.16217 0.9246 -0.34469
3328.8 -10.179 584.04 -84.22 -0.98396 0.1248 -0.12743 -0.074787 0.35995 0.92997 0.16193 0.92459 -0.34485
3338.8 -9.0513 584.7 -84.277 -0.984 0.12514 -0.12686 -0.074337 0.35873 0.93048 0.16195 0.92502 -0.34368
3348.8 -7.9829 584.82 -84.23 -0.98394 0.12615 -0.12633 -0.073261 0.35998 0.93008 0.1628 0.92439 -0.34496
3358.8 -7.1275 586.22 -84.482 -0.98397 0.12871 -0.12345 -0.070438 0.35544 0.93204 0.16384 0.9258 -0.34068
3368.8 -5.9338 586.57 -84.504 -0.98388 0.12916 -0.12373 -0.070644 0.35488 0.93224 0.16432 0.92595 -0.34003
3378.8 -4.8905 587.04 -84.516 -0.98381 0.13081 -0.12254 -0.06902 0.35449 0.93251 0.16542 0.92587 -0.33972
3388.8 -3.3809 587.17 -84.47 -0.98406 0.132 -0.11913 -0.065322 0.35474 0.93268 0.16538 0.9256 -0.34046
3398.8 -2.4361 586.91 -84.244 -0.98346 0.13198 -0.12403 -0.069547 0.35714 0.93146 0.16723 0.92468 -0.34205
3408.8 -1.1739 587.09 -84.247 -0.9835 0.13236 -0.12337 -0.068817 0.35696 0.93158 0.16734 0.9247 -0.34196
3418.8 0.19672 588.09 -84.511 -0.98391 0.13425 -0.11789 -0.063754 0.35258 0.93361 0.1669 0.9261 -0.33834
3428.8 1.1823 587.81 -84.319 -0.98346 0.13387 -0.12203 -0.067491 0.35436 0.93267 0.1681 0.92548 -0.33946
3438.8 2.4337 588.06 -84.332 -0.98358 0.13396 -0.12095 -0.066627 0.3533 0.93314 0.16774 0.92587 -0.33857
3448.8 3.7873 588.06 -84.3 -0.98364 0.13349 -0.12095 -0.066746 0.35355 0.93303 0.16731 0.92584 -0.33886
3458.8 4.7958 589.07 -84.483 -0.98353 0.13514 -0.12001 -0.066364 0.34758 0.9353 0.16811 0.92786 -0.33289
3468.8 6.1338 589.27 -84.509 -0.98363 0.13456 -0.11986 -0.066511 0.34709 0.93547 0.16748 0.92813 -0.33246
3478.8 7.1986 590.27 -84.707 -0.98382 0.13559 -0.11712 -0.064206 0.3435 0.93696 0.16727 0.92932 -0.32923
3488.8 8.5389 590.39 -84.727 -0.98391 0.13473 -0.11737 -0.06471 0.34358 0.93689 0.16655 0.92941 -0.32933
3498.8 9.7612 590.45 -84.704 -0.984 0.13511 -0.11617 -0.063484 0.34337 0.93705 0.16649 0.92943 -0.3293
3508.8 10.978 590.71 -84.769 -0.98396 0.13527 -0.1163 -0.063737 0.34231 0.93742 0.16661 0.9298 -0.3282
3518.8 12.276 590.77 -84.709 -0.984 0.13537 -0.11581 -0.063053 0.34334 0.93709 0.16662 0.92941 -0.32931
3528.8 13.964 591.02 -84.679 -0.98416 0.13533 -0.11452 -0.061993 0.34245 0.93749 0.16609 0.92974 -0.32864
3538.8 15.2 591.17 -84.67 -0.98414 0.13631 -0.11355 -0.06076 0.34237 0.9376 0.16667 0.92962 -0.32866
3548.8 16.45 591.46 -84.658 -0.98407 0.137 -0.11332 -0.060346 0.34215 0.93771 0.16723 0.9296 -0.32843
3558.8 17.829 591.76 -84.625 -0.98403 0.13727 -0.11327 -0.060298 0.34167 0.93788 0.16745 0.92974 -0.32793
3568.8 18.933 591.4 -84.465 -0.98359 0.13648 -0.11803 -0.06468 0.34399 0.93674 0.16845 0.929 -0.32952
3578.8 20.192 591.71 -84.479 -0.98371 0.13717 -0.11616 -0.062829 0.34307 0.9372 0.16841 0.92924 -0.32887
3588.8 21.649 591.99 -84.496 -0.9839 0.1358 -0.11617 -0.06336 0.34278 0.93728 0.1671 0.92955 -0.32865
3598.8 23.168 592.21 -84.466 -0.98423 0.13391 -0.11558 -0.063256 0.34377 0.93692 0.16519 0.92946 -0.32988
3608.8 24.62 592.32 -84.476 -0.98441 0.13255 -0.11558 -0.063573 0.34457 0.93661 0.16397 0.92936 -0.33077
3618.8 25.995 592.66 -84.466 -0.98455 0.13131 -0.1158 -0.064105 0.34511 0.93637 0.16292 0.92933 -0.33137
3628.8 27.323 592.97 -84.422 -0.98467 0.13096 -0.1152 -0.063521 0.34588 0.93612 0.16244 0.92909 -0.33226
3638.8 28.719 593.62 -84.499 -0.98464 0.13034 -0.11617 -0.064862 0.34468 0.93648 0.1621 0.92963 -0.33093
3648.8 30.178 593.75 -84.421 -0.98469 0.12961 -0.11653 -0.064953 0.34755 0.93541 0.16174 0.92866 -0.33381
3658.8 31.535 595.03 -84.722 -0.98479 0.12984 -0.11546 -0.064327 0.34486 0.93645 0.1614 0.92963 -0.33127
3668.8 32.903 595.58 -84.741 -0.98482 0.13011 -0.11486 -0.063519 0.34571 0.93619 0.16152 0.92928 -0.3322
3678.8 34.651 595.1 -84.483 -0.98463 0.12785 -0.11897 -0.067258 0.35108 0.93393 0.16118 0.92758 -0.33709
3688.8 36.422 596.4 -84.761 -0.98514 0.1279 -0.11466 -0.063627 0.34831 0.93522 0.15955 0.92861 -0.335
3698.8 37.617 596.14 -84.5 -0.98468 0.12651 -0.12003 -0.068428 0.3528 0.9332 0.16041 0.92711 -0.33873
3708.8 38.98 596.75 -84.554 -0.98471 0.12631 -0.11995 -0.068391 0.35295 0.93314 0.1602 0.92708 -0.33891
3718.8 40.93 597.92 -84.778 -0.98523 0.12521 -0.11679 -0.06606 0.3513 0.93393 0.15796 0.92785 -0.33784
3728.8 42.269 597.52 -84.545 -0.98482 0.12262 -0.12288 -0.071957 0.35582 0.93178 0.15797 0.92648 -0.3416
3738.8 44.285 597.66 -84.509 -0.98482 0.11856 -0.12681 -0.07671 0.35807 0.93054 0.15573 0.92614 -0.34354
3748.8 45.931 598.05 -84.543 -0.98488 0.1166 -0.12812 -0.078521 0.35876 0.93012 0.15442 0.92612 -0.34418
3758.8 47.52 598.52 -84.533 -0.985 0.11528 -0.12837 -0.079065 0.35968 0.92972 0.15335 0.92593 -0.34517
3768.8 49.024 599.2 -84.582 -0.98503 0.11462 -0.12877 -0.079764 0.35919 0.92985 0.15283 0.9262 -0.34467
3778.8 50.679 599.66 -84.578 -0.98506 0.1131 -0.12987 -0.081186 0.36009 0.92938 0.15188 0.92604 -0.34553
3788.8 52.416 599.94 -84.592 -0.98513 0.11103 -0.13115 -0.082944 0.36119 0.9288 0.15049 0.92586 -0.34661
3798.8 53.752 601.31 -84.905 -0.98528 0.11188 -0.12923 -0.081424 0.3575 0.93036 0.15029 0.92719 -0.34313
3808.8 55.908 601.93 -84.932 -0.98572 0.10998 -0.1275 -0.080673 0.35615 0.93094 0.14779 0.92794 -0.34219
3818.8 57.28 601.39 -84.674 -0.98525 0.10806 -0.13267 -0.085455 0.36099 0.92865 0.14824 0.92629 -0.34643
3828.8 59.181 602.67 -84.954 -0.98581 0.10854 -0.12805 -0.081579 0.35692 0.93056 0.14671 0.92781 -0.34301
3838.8 60.734 602.77 -84.879 -0.9859 0.10873 -0.12718 -0.080464 0.35833 0.93012 0.1467 0.92724 -0.34453
3848.8 61.991 602.58 -84.727 -0.98528 0.1081 -0.13247 -0.085317 0.36055 0.92883 0.14817 0.92645 -0.34602
3858.8 63.754 602.52 -84.686 -0.98534 0.10727 -0.13264 -0.085491 0.36232 0.92813 0.14762 0.92586 -0.34784
3868.8 65.294 603.08 -84.756 -0.98524 0.10787 -0.1329 -0.085739 0.36097 0.92863 0.14814 0.92632 -0.3464
3878.8 66.535 603.86 -84.901 -0.98515 0.11073 -0.13125 -0.083816 0.35705 0.93032 0.14988 0.9275 -0.34247
3888.8 67.962 604.4 -85.028 -0.98513 0.11193 -0.13038 -0.08296 0.35468 0.9313 0.15048 0.92826 -0.34012
3898.8 69.591 604.44 -84.938 -0.98529 0.11169 -0.12937 -0.081912 0.35578 0.93097 0.15001 0.92787 -0.34139
3908.8 70.926 604.89 -84.977 -0.98535 0.11303 -0.12771 -0.080186 0.35385 0.93186 0.15051 0.92845 -0.3396
3918.8 72.479 605.12 -85.002 -0.98561 0.11265 -0.126 -0.078785 0.3533 0.93219 0.14953 0.9287 -0.33934
3928.8 73.854 605.57 -85.048 -0.98568 0.11252 -0.12558 -0.078796 0.35108 0.93302 0.14908 0.92956 -0.33719
3938.8 75.33 605.86 -85.058 -0.9858 0.11188 -0.12524 -0.078816 0.35031 0.93331 0.14829 0.92993 -0.33651
3948.8 76.577 606.21 -85.067 -0.98598 0.11217 -0.12354 -0.077302 0.34908 0.9339 0.14788 0.93036 -0.33552
3958.8 78.02 606.39 -85.049 -0.98601 0.11135 -0.12408 -0.078103 0.34901 0.93386 0.14729 0.93048 -0.33543
3968.8 79.056 607.07 -85.111 -0.98617 0.11294 -0.1213 -0.075401 0.34605 0.93518 0.1476 0.93139 -0.33275
3978.8 80.476 607.19 -85.111 -0.98622 0.11223 -0.12152 -0.075863 0.34593 0.93519 0.14699 0.93153 -0.33265
3988.8 81.699 607.63 -85.152 -0.98641 0.1128 -0.11945 -0.073963 0.34436 0.93592 0.1467 0.93204 -0.33133
3998.8 82.813 608.13 -85.177 -0.9865 0.11433 -0.11728 -0.071609 0.34291 0.93663 0.1473 0.93239 -0.33009
4008.8 84.17 608.27 -85.127 -0.98674 0.11423 -0.11527 -0.06967 0.34334 0.93662 0.14657 0.93224 -0.33083
4018.8 85.39 608.65 -85.133 -0.98686 0.11469 -0.11386 -0.068307 0.34249 0.93703 0.14647 0.93249 -0.33016
4028.8 86.519 608.94 -85.102 -0.98696 0.1154 -0.11221 -0.066472 0.34269 0.9371 0.14659 0.93234 -0.33055
4038.8 87.901 609.27 -85.165 -0.98701 0.11442 -0.11275 -0.067376 0.3423 0.93717 0.14583 0.9326 -0.33015
4048.8 89.338 609.63 -85.253 -0.98722 0.1125 -0.11291 -0.067985 0.34353 0.93668 0.14416 0.93238 -0.33149
4058.8 90.474 610.09 -85.298 -0.98719 0.11228 -0.11336 -0.06854 0.34316 0.93677 0.14408 0.93254 -0.33107
4068.8 86.822 613.54 -84.313 -0.98467 0.14214 -0.10107 -0.049505 0.32787 0.94342 0.16724 0.93397 -0.31581
4078.8 91.439 610.14 -84.489 -0.98561 0.11891 -0.12015 -0.07232 0.3458 0.93552 0.15279 0.93074 -0.33222
4088.8 86.648 618.04 -84.174 -0.98354 0.16006 -0.083886 -0.030205 0.31206 0.94958 0.17817 0.93648 -0.30209
4098.8 88.153 618.16 -84.223 -0.98371 0.15857 -0.084726 -0.031215 0.31347 0.94908 0.17705 0.93627 -0.30341
4108.8 88.479 619.49 -84.216 -0.98312 0.16442 -0.080223 -0.025797 0.30953 0.95054 0.18112 0.93657 -0.30006
4118.8 92.217 615.9 -84.245 -0.98441 0.14713 -0.096399 -0.043374 0.32808 0.94365 0.17047 0.93312 -0.31658
4128.8 92.839 616.72 -84.135 -0.98418 0.15106 -0.092588 -0.038752 0.32638 0.94444 0.17289 0.93309 -0.31537
4138.8 99.916 612.54 -85.158 -0.98742 0.11396 -0.10959 -0.063588 0.34834 0.93521 0.14475 0.93042 -0.33671
4148.7 101.16 613.05 -85.208 -0.98736 0.11368 -0.1104 -0.064536 0.34782 0.93534 0.14473 0.93064 -0.33609
4158.7 102.19 613.55 -85.19 -0.98738 0.11441 -0.1095 -0.063489 0.34748 0.93554 0.14508 0.93068 -0.33583
4168.7 103.97 613.92 -85.347 -0.9876 0.11158 -0.11048 -0.065259 0.3483 0.93511 0.14282 0.93072 -0.3367
4178.7 105.1 614.44 -85.426 -0.98754 0.11145 -0.11113 -0.066065 0.34734 0.93541 0.14286 0.93109 -0.33565
4188.7 106.3 614.5 -85.394 -0.98772 0.11105 -0.1099 -0.064857 0.34854 0.93505 0.14214 0.93069 -0.33706
4198.7 107.39 614.83 -85.386 -0.9878 0.11134 -0.10888 -0.063758 0.34873 0.93505 0.14208 0.93059 -0.33737
4208.7 108 614.93 -85.239 -0.98757 0.11306 -0.10919 -0.063407 0.34906 0.93495 0.14382 0.93025 -0.33756
4218.7 109.56 615.09 -85.342 -0.98792 0.11227 -0.1068 -0.061285 0.34994 0.93477 0.14232 0.93002 -0.33883
4228.7 110.15 615.31 -85.2 -0.98769 0.11444 -0.10668 -0.060376 0.35023 0.93472 0.14433 0.92965 -0.33901
4238.7 107.29 618.33 -84.423 -0.9853 0.1396 -0.098429 -0.046107 0.33748 0.9402 0.16447 0.93092 -0.32608
4248.7 107.78 619.25 -84.357 -0.98502 0.14399 -0.094919 -0.041738 0.33499 0.9413 0.16733 0.93115 -0.32396
4258.7 109.69 618.81 -84.47 -0.9853 0.13902 -0.099274 -0.047008 0.33806 0.93995 0.16423 0.9308 -0.32655
4268.7 110.69 619.26 -84.434 -0.98523 0.13993 -0.098726 -0.046243 0.33771 0.94012 0.16489 0.93079 -0.32625
4278.7 111.93 619.6 -84.535 -0.98535 0.1388 -0.09908 -0.047134 0.3367 0.94043 0.1639 0.93133 -0.32522
4288.7 112.35 620.42 -84.428 -0.98513 0.14281 -0.095483 -0.042727 0.33467 0.94137 0.16639 0.93145 -0.32359
4298.7 118.15 617.47 -85.278 -0.98781 0.11306 -0.107 -0.061185 0.35007 0.93472 0.14314 0.92988 -0.33888
4308.7 119.62 618.08 -85.431 -0.98824 0.11177 -0.10434 -0.059312 0.34876 0.93533 0.14093 0.93052 -0.33803
4318.7 120.32 618.34 -85.306 -0.98814 0.11231 -0.10473 -0.059372 0.34953 0.93504 0.14162 0.93017 -0.33872
4328.7 121.77 618.78 -85.447 -0.98846 0.11103 -0.10302 -0.058209 0.34946 0.93514 0.13983 0.93035 -0.33897
4338.7 122.96 618.87 -85.425 -0.98849 0.10989 -0.10395 -0.059192 0.35138 0.93436 0.1392 0.92976 -0.34084
4348.7 123.96 619.07 -85.416 -0.98838 0.11046 -0.10446 -0.059293 0.3526 0.9339 0.13999 0.92923 -0.34195
4358.7 124.98 619.26 -85.384 -0.98834 0.11096 -0.10429 -0.058734 0.35408 0.93337 0.14049 0.92861 -0.34343
4368.7 125.57 619.68 -85.291 -0.98793 0.11309 -0.10582 -0.059439 0.35404 0.93334 0.14302 0.92837 -0.34305
4378.7 126.56 619.87 -85.283 -0.98793 0.11433 -0.10456 -0.057718 0.35468 0.9332 0.14377 0.92797 -0.3438
4388.7 127.49 620.21 -85.299 -0.988 0.11603 -0.10199 -0.054723 0.35456 0.93343 0.14447 0.92781 -0.34395
4398.7 128.84 620.13 -85.286 -0.98808 0.1148 -0.10255 -0.055345 0.35669 0.93258 0.14364 0.92714 -0.34608
4408.7 129.84 620.42 -85.292 -0.98828 0.11549 -0.099813 -0.0526 0.35618 0.93293 0.1433 0.92725 -0.34593
4418.7 130.99 620.7 -85.235 -0.98844 0.11466 -0.099168 -0.052102 0.35737 0.93251 0.14236 0.9269 -0.34727
4428.7 132.03 620.97 -85.303 -0.98854 0.11427 -0.098683 -0.051791 0.35731 0.93255 0.14183 0.92697 -0.34729
4438.7 133.08 621.41 -85.328 -0.98866 0.1136 -0.09823 -0.05167 0.35685 0.93273 0.14101 0.92723 -0.34693
4448.7 134.72 621.5 -85.449 -0.9891 0.11082 -0.096974 -0.051239 0.35837 0.93217 0.13806 0.92698 -0.34878
4458.7 135.69 621.72 -85.467 -0.98913 0.11116 -0.096265 -0.050414 0.35863 0.93212 0.13813 0.92684 -0.34913
4468.7 136.85 621.9 -85.503 -0.98927 0.11033 -0.095811 -0.050202 0.35916 0.93192 0.13723 0.92673 -0.34977
4478.7 137.87 622.15 -85.547 -0.9894 0.11104 -0.09359 -0.047977 0.35835 0.93235 0.13706 0.92696 -0.34923
4488.7 138.85 622.21 -85.573 -0.98952 0.11237 -0.090695 -0.044771 0.35839 0.9325 0.13729 0.92679 -0.3496
4498.7 139.36 622.38 -85.445 -0.98933 0.11528 -0.08907 -0.04231 0.35768 0.93288 0.1394 0.9267 -0.34899
4508.7 140.84 622.53 -85.554 -0.98967 0.11557 -0.084867 -0.038372 0.35682 0.93338 0.13815 0.927 -0.3487
4518.7 141.34 622.66 -85.455 -0.98947 0.11873 -0.08272 -0.035376 0.35583 0.93388 0.14031 0.92698 -0.34788
4528.7 142.27 622.77 -85.397 -0.98956 0.12049 -0.079028 -0.031274 0.35577 0.93405 0.14066 0.92677 -0.34829
4538.7 143.22 623 -85.417 -0.98966 0.12174 -0.075823 -0.027956 0.35479 0.93453 0.14067 0.92699 -0.34772
4548.7 144.21 623.17 -85.436 -0.98978 0.122 -0.073884 -0.026057 0.35463 0.93464 0.14023 0.92701 -0.34783
4558.7 145.28 623.26 -85.426 -0.98996 0.1209 -0.07317 -0.025674 0.35528 0.93441 0.13897 0.92691 -0.34861
4568.7 147.11 623.14 -85.425 -0.99049 0.11713 -0.072207 -0.02584 0.35708 0.93371 0.13515 0.9267 -0.35066
4578.7 148.11 623.33 -85.465 -0.99075 0.11615 -0.070202 -0.024294 0.35712 0.93374 0.13353 0.92681 -0.351
4588.7 143.07 628.2 -84.659 -0.98708 0.1512 -0.052947 0.000755 0.3349 0.94225 0.1602 0.93005 -0.33069
4598.7 140.83 631.45 -84.472 -0.98465 0.17041 -0.037742 0.019136 0.32034 0.94711 0.17348 0.93185 -0.31869
4608.7 145.67 627.79 -84.671 -0.98788 0.14624 -0.052053 0.000627 0.33909 0.94075 0.15522 0.92932 -0.33507
4618.7 142.81 631.71 -84.497 -0.98489 0.16976 -0.034387 0.022504 0.32227 0.94638 0.17174 0.9313 -0.32122
4628.7 143.52 632.06 -84.453 -0.98471 0.1713 -0.03182 0.025445 0.32206 0.94638 0.17236 0.93109 -0.3215
4638.7 145.97 630.65 -84.603 -0.98607 0.16146 -0.039843 0.016014 0.33065 0.94362 0.16553 0.92984 -0.32863
4648.7 147.04 630.84 -84.701 -0.98623 0.16013 -0.041205 0.014408 0.33147 0.94335 0.16472 0.92978 -0.32922
4658.7 143.33 635.9 -84.286 -0.98162 0.19005 -0.017663 0.042707 0.30889 0.95014 0.18603 0.93192 -0.31133
4668.7 144.66 635.72 -84.403 -0.98214 0.18706 -0.020096 0.039992 0.31195 0.94925 0.18384 0.9315 -0.31386
4678.7 147.01 634.28 -84.554 -0.98374 0.17751 -0.027196 0.031722 0.32083 0.94661 0.17676 0.93036 -0.32124
4688.7 148.78 633.36 -84.65 -0.98467 0.17183 -0.029856 0.02837 0.32671 0.9447 0.17208 0.92937 -0.32658
4698.7 154.53 628.86 -84.887 -0.98869 0.14089 -0.051459 0.001102 0.34988 0.93679 0.14999 0.92614 -0.34608
4708.7 155.22 629.17 -84.883 -0.98869 0.14171 -0.049062 0.003644 0.34976 0.93683 0.14992 0.92606 -0.34633
4718.7 156.97 628.98 -85.027 -0.9894 0.13587 -0.051183 -9.8e-05 0.35191 0.93603 0.14519 0.92612 -0.34817
4728.7 157.67 629.2 -84.981 -0.98945 0.13662 -0.048107 0.003131 0.35222 0.93591 0.14481 0.92589 -0.34893
4738.7 159.02 629.13 -85.021 -0.98987 0.13322 -0.049143 0.001117 0.35338 0.93548 0.14199 0.92594 -0.34995
4748.7 158.99 630.64 -85.044 -0.98943 0.1386 -0.04267 0.008249 0.34755 0.93763 0.14479 0.92736 -0.34502
4758.7 161.55 629.02 -85.055 -0.99058 0.12775 -0.049364 -0.000663 0.35596 0.9345 0.13695 0.92573 -0.35252
4768.7 161.93 629.98 -85.057 -0.99028 0.13097 -0.046785 0.002334 0.352 0.936 0.13906 0.92679 -0.34888
4778.7 162.7 630.38 -85.055 -0.99021 0.13224 -0.044675 0.004561 0.35054 0.93654 0.13951 0.92716 -0.34771
4788.7 160.04 633.97 -84.885 -0.9875 0.15519 -0.027513 0.026194 0.33373 0.9423 0.15542 0.92981 -0.33362
4798.7 164.74 630.74 -85.053 -0.99028 0.13226 -0.043139 0.005757 0.34879 0.93718 0.139 0.92782 -0.34616
4808.7 161.08 635.52 -84.858 -0.98645 0.16303 -0.018556 0.036015 0.32547 0.94487 0.16008 0.93139 -0.32693
4818.7 161.86 635.94 -84.802 -0.98599 0.1661 -0.015099 0.039802 0.32225 0.94582 0.16197 0.93197 -0.32435
4828.7 162.7 636.78 -84.834 -0.98554 0.16911 -0.010881 0.043885 0.31671 0.94751 0.16368 0.93332 -0.31955
4838.7 163.63 636.64 -84.689 -0.98516 0.17142 -0.008652 0.046711 0.31628 0.94752 0.16516 0.93305 -0.3196
4848.7 165.39 636.42 -84.83 -0.98564 0.16856 -0.010114 0.044247 0.3156 0.94786 0.16296 0.9338 -0.31853
4858.7 166.12 636.91 -84.763 -0.98511 0.17181 -0.006413 0.048135 0.31141 0.94906 0.16506 0.93461 -0.31504
4868.7 167.74 636.39 -84.785 -0.98552 0.16934 -0.008239 0.045603 0.31158 0.94912 0.16329 0.93501 -0.3148
4878.7 175.64 629.61 -85.155 -0.99108 0.12688 -0.04064 0.005263 0.34209 0.93965 0.13312 0.93106 -0.33971
4888.7 175.67 630.93 -85.093 -0.99031 0.13435 -0.03519 0.011839 0.33413 0.94245 0.13837 0.9329 -0.33248
4898.7 176.79 630.7 -85.073 -0.9903 0.13506 -0.032776 0.01422 0.33307 0.9428 0.13825 0.93318 -0.33175
4908.7 177.74 631.02 -85.138 -0.99014 0.13657 -0.031241 0.015607 0.32914 0.94415 0.13922 0.93435 -0.32802
4918.7 179.04 630.48 -85.078 -0.9902 0.13606 -0.031529 0.015169 0.32918 0.94415 0.13884 0.93441 -0.32802
4928.7 180.46 629.85 -85.114 -0.99044 0.13439 -0.031202 0.015094 0.33036 0.94373 0.13714 0.93424 -0.32923
4938.7 180.59 630.87 -85.118 -0.98966 0.14099 -0.026455 0.020687 0.32277 0.94625 0.14195 0.93592 -0.32235
4948.7 176.68 635.61 -84.724 -0.98486 0.17335 -0.000871 0.051539 0.2976 0.9533 0.16551 0.93882 -0.30203
4958.7 177.33 635.82 -84.677 -0.98443 0.17579 0.001373 0.053832 0.29401 0.95429 0.16735 0.9395 -0.29889
4968.7 179.24 634.41 -84.712 -0.98541 0.1702 -0.002316 0.049364 0.29876 0.95305 0.1629 0.93903 -0.30281
4978.7 180.2 634.2 -84.719 -0.98535 0.17053 -0.002097 0.049363 0.29695 0.95362 0.16325 0.93954 -0.30101
4988.7 179.37 635.78 -84.514 -0.98332 0.18173 0.007443 0.060242 0.2868 0.9561 0.17162 0.9406 -0.29296
4998.7 182.69 632.7 -84.775 -0.98611 0.16601 -0.004399 0.046171 0.29951 0.95298 0.15952 0.93954 -0.30301
5008.7 183.98 632.06 -84.868 -0.98666 0.16264 -0.006631 0.043066 0.30012 0.95293 0.15697 0.93993 -0.30312
5018.7 183.03 633.62 -84.639 -0.98482 0.17353 0.003765 0.054886 0.29077 0.95522 0.16466 0.94093 -0.29588
5028.7 183.81 633.26 -84.685 -0.98497 0.17268 0.004277 0.055032 0.29024 0.95537 0.16373 0.94124 -0.29539
5038.7 186.89 630.35 -84.986 -0.98762 0.15674 -0.006967 0.041257 0.3023 0.95232 0.15137 0.94024 -0.30502
5048.7 186.74 630.97 -84.873 -0.98691 0.16129 -0.00155 0.047119 0.29747 0.95357 0.15427 0.94101 -0.30118
