13475 -248.78 749.52 63.671 0.03101 0.12582 -0.99157 -0.46387 -0.87693 -0.12578 -0.88536 0.46386 0.031172
13485 -248.5 749.54 63.876 0.028936 0.12738 -0.99143 -0.46351 -0.87706 -0.12621 -0.88562 0.4632 0.033662
13495 -248.57 761.94 106.4 -0.11622 0.14817 -0.98211 -0.33003 -0.93839 -0.10252 -0.93679 0.31221 0.15796
13505 -248.53 761.93 106.36 -0.11739 0.15022 -0.98166 -0.33072 -0.93798 -0.10399 -0.9364 0.31244 0.15979
13515 -248.93 761.87 106.04 -0.11686 0.15383 -0.98116 -0.33294 -0.93683 -0.10722 -0.93568 0.31414 0.1607
13525 -249.13 761.99 105.85 -0.11697 0.15663 -0.98071 -0.33447 -0.93601 -0.1096 -0.93512 0.3152 0.16187
13535 -248.77 762.34 105.91 -0.11779 0.15585 -0.98073 -0.33371 -0.93638 -0.10873 -0.93529 0.31448 0.16231
13545 -249.06 762.45 105.68 -0.11739 0.15849 -0.98036 -0.33535 -0.93552 -0.11109 -0.93475 0.31572 0.16297
13555 -248.9 762.91 105.59 -0.11703 0.15811 -0.98046 -0.33527 -0.93558 -0.11085 -0.93482 0.31575 0.1625
13565 -248.99 763.05 105.43 -0.11632 0.15884 -0.98043 -0.33596 -0.93523 -0.11166 -0.93466 0.3164 0.16215
13575 -249.02 763.35 105.31 -0.11574 0.15861 -0.98053 -0.33607 -0.9352 -0.11161 -0.9347 0.31661 0.16154
13585 -249.15 763.53 105.08 -0.11487 0.1584 -0.98067 -0.33628 -0.93512 -0.11165 -0.93473 0.31696 0.16069
13595 -249.54 763.67 104.79 -0.11372 0.15971 -0.98059 -0.33747 -0.93452 -0.11307 -0.93444 0.31806 0.16017
13605 -249.84 763.94 104.56 -0.11227 0.15985 -0.98074 -0.33812 -0.93422 -0.11357 -0.93438 0.31886 0.15893
13615 -250.08 764.05 104.27 -0.11138 0.16003 -0.98081 -0.33857 -0.93402 -0.11395 -0.93433 0.31938 0.15821
13625 -164.35 525.22 -81.68 -0.93662 0.26594 0.22809 0.3305 0.4546 0.82711 0.11627 0.85007 -0.51367
13635 -163.14 527.08 -82.156 -0.9402 0.2579 0.22251 0.32074 0.45036 0.83325 0.11468 0.85479 -0.50615
13645 -158.92 533.47 -83.576 -0.95191 0.23091 0.20137 0.28584 0.4327 0.85503 0.1103 0.87147 -0.47789
13655 -158.14 534.43 -83.75 -0.95406 0.22529 0.19752 0.27938 0.4308 0.85811 0.10823 0.87387 -0.47395
13665 -158.43 534.15 -83.687 -0.95336 0.22651 0.19951 0.28198 0.43257 0.85637 0.10767 0.87268 -0.47627
13675 -158.17 534.84 -83.791 -0.95373 0.22431 0.20021 0.28134 0.43089 0.85743 0.10606 0.87408 -0.47406
13685 -306.5 560.33 -95.099 0.51796 0.22514 0.82525 0.83847 -0.32463 -0.43769 0.16936 0.91865 -0.35692
13695 -306.43 562.05 -95.919 0.52003 0.22209 0.82477 0.83526 -0.33415 -0.43667 0.17861 0.91598 -0.35927
13705 -306.03 562.73 -96.462 0.51954 0.21844 0.82605 0.83461 -0.33685 -0.43584 0.18305 0.91587 -0.35732
13715 -160.67 532.66 -83.4 -0.94691 0.23671 0.21754 0.30399 0.43909 0.84545 0.1046 0.8667 -0.48774
13725 -160.66 532.36 -83.144 -0.94751 0.23546 0.21628 0.30264 0.44239 0.84422 0.1031 0.86536 -0.49043
13735 -160.79 533.16 -83.339 -0.94791 0.23481 0.21522 0.30094 0.43878 0.8467 0.10438 0.86737 -0.48659
13745 -157.26 538.05 -84.177 -0.95845 0.21073 0.19226 0.26689 0.42458 0.86516 0.10068 0.88053 -0.46318
13755 -155.95 540.53 -84.463 -0.9625 0.20109 0.18207 0.2521 0.41525 0.87408 0.10016 0.8872 -0.45038
13765 -161.37 534.9 -83.444 -0.9504 0.2326 0.20649 0.29059 0.42737 0.8561 0.11088 0.87364 -0.47376
13775 -161.37 535.81 -83.382 -0.95105 0.23198 0.20421 0.28746 0.42131 0.86016 0.1135 0.87675 -0.46736
13785 -161.51 536.73 -83.337 -0.95067 0.23305 0.20474 0.28753 0.4143 0.86353 0.11642 0.8798 -0.46087
13795 -161.62 537.85 -83.339 -0.95052 0.23386 0.20449 0.28656 0.40584 0.86786 0.11997 0.88352 -0.45277
13805 -166.96 547.46 -83.342 -0.93346 0.27003 0.23611 0.32444 0.35491 0.8768 0.15296 0.89506 -0.4189
13815 -162.19 540.37 -83.299 -0.94945 0.23769 0.20504 0.28641 0.38857 0.87578 0.12849 0.89023 -0.43701
13825 -166.91 549.55 -83.141 -0.93193 0.27143 0.24049 0.32666 0.34036 0.88173 0.15748 0.90027 -0.40585
13835 -162.18 542.72 -83.239 -0.94828 0.23887 0.20907 0.28855 0.3741 0.88136 0.13232 0.8961 -0.42367
13845 -162.14 543.8 -83.193 -0.94789 0.2387 0.211 0.28933 0.36772 0.88378 0.13337 0.89878 -0.41762
13855 -165.78 551.44 -83.042 -0.93465 0.26372 0.2385 0.31936 0.32771 0.88917 0.15633 0.90723 -0.39051
13865 -162.09 546.6 -83.309 -0.94792 0.23708 0.21269 0.28798 0.3527 0.89032 0.13606 0.9052 -0.40261
13875 -164.1 550.99 -82.984 -0.94133 0.25014 0.22655 0.3031 0.33144 0.89347 0.1484 0.90971 -0.38781
13885 -165.66 555.27 -82.937 -0.93499 0.26016 0.24105 0.31765 0.31198 0.89541 0.15775 0.91378 -0.37434
13895 -164.37 553.97 -82.986 -0.93974 0.25041 0.23278 0.30746 0.32119 0.89572 0.14953 0.91331 -0.37882
13905 -164.15 555.17 -82.948 -0.94035 0.2481 0.23278 0.30615 0.31867 0.89706 0.14838 0.91482 -0.37562
13915 -164.24 556.86 -83.035 -0.93967 0.24795 0.23566 0.30791 0.313 0.89845 0.14901 0.91682 -0.37047
13925 -163.4 556.49 -83.01 -0.9428 0.24106 0.23028 0.30122 0.31995 0.89828 0.14286 0.91625 -0.37426
13935 -42.449 517.37 -90.59 -0.54987 -0.31057 -0.77536 -0.8351 0.222 0.50331 0.015815 0.92426 -0.38143
13945 -162.8 558.41 -83.084 -0.94357 0.2358 0.23252 0.30126 0.3196 0.89839 0.13752 0.91774 -0.3726
13955 -162.82 559.69 -83.038 -0.94321 0.23544 0.23434 0.30276 0.31901 0.89809 0.13669 0.91804 -0.37218
13965 -42.389 519.22 -89.099 -0.55281 -0.31344 -0.77211 -0.83304 0.23143 0.50248 0.021195 0.92097 -0.38905
13975 -161.59 560.9 -83.164 -0.94659 0.22597 0.23001 0.29553 0.32274 0.89917 0.12895 0.91912 -0.37228
13985 -158.09 557.82 -83.322 -0.95498 0.20378 0.21562 0.27592 0.34293 0.89792 0.10904 0.91699 -0.38372
13995 -159.72 561.3 -83.284 -0.95156 0.21185 0.22281 0.28418 0.3295 0.90037 0.11733 0.92008 -0.37375
14005 -159.46 563.06 -83.274 -0.9518 0.20954 0.22399 0.28383 0.32492 0.90214 0.11626 0.92224 -0.36873
14025 -241.82 767.45 72.154 0.008497 0.06622 -0.99777 -0.43178 -0.89975 -0.063391 -0.90194 0.43135 0.020947
14035 -241.81 767.83 71.947 0.009638 0.066323 -0.99775 -0.43237 -0.89943 -0.063964 -0.90165 0.43201 0.020007
14045 -158.14 569.29 -83.381 -0.95167 0.20446 0.22916 0.28446 0.30556 0.90869 0.11577 0.92996 -0.34895
14055 24.889 712.71 157.63 0.20757 -0.57987 0.78783 -0.51362 -0.75003 -0.41672 0.83253 -0.31814 -0.45352
14065 25.585 713.11 157.69 0.20686 -0.58023 0.78774 -0.51321 -0.74985 -0.41755 0.83296 -0.3179 -0.4529
14075 -157.25 574.35 -83.32 -0.94672 0.21241 0.24209 0.29739 0.28802 0.91028 0.12363 0.93377 -0.33584
14085 -155.66 576.29 -83.398 -0.94606 0.21067 0.24615 0.29987 0.28165 0.91146 0.12269 0.9361 -0.32963
14095 -154.61 573.65 -83.272 -0.94943 0.20763 0.23551 0.29041 0.29575 0.91005 0.11931 0.93243 -0.3411
14105 -154.88 575.91 -83.204 -0.94465 0.21741 0.24571 0.30234 0.28601 0.90928 0.12741 0.93324 -0.33591
14115 -154.45 577.6 -83.153 -0.94164 0.22331 0.25187 0.30941 0.27953 0.90892 0.13256 0.93381 -0.33232
14125 -152.78 576.33 -83.145 -0.9443 0.21993 0.2448 0.30241 0.28653 0.90909 0.12979 0.93249 -0.33708
14135 -151.9 577.39 -83.218 -0.94263 0.22311 0.24836 0.30631 0.2821 0.90917 0.13278 0.93308 -0.33425
14145 -148.43 573.61 -83.221 -0.95064 0.20757 0.23063 0.28648 0.30166 0.90936 0.11918 0.93054 -0.34624
14155 -149.47 577.33 -83.211 -0.94297 0.22309 0.24706 0.30518 0.283 0.90927 0.13293 0.93281 -0.33494
14165 -229.71 782.04 114.33 -0.12718 0.087075 -0.98805 -0.29057 -0.95571 -0.046823 -0.94836 0.28115 0.14685
14175 -228.33 782.14 114.3 -0.12575 0.084122 -0.98849 -0.28946 -0.95615 -0.044546 -0.94889 0.28053 0.14459
14185 -226.91 782.1 114.39 -0.12506 0.080976 -0.98884 -0.28792 -0.95674 -0.041932 -0.94945 0.27947 0.14297
14195 -225.7 782.03 114.23 -0.12331 0.078504 -0.98926 -0.28724 -0.95702 -0.040142 -0.94989 0.2792 0.14056
14205 -121.73 591.49 -82.89 -0.98838 0.076583 0.13127 0.14629 0.24538 0.95832 0.04118 0.9664 -0.25374
14215 -125.19 583.45 -83.635 -0.9805 0.1074 0.16458 0.1882 0.27205 0.9437 0.05658 0.95627 -0.28696
14225 -135.24 567.78 -84.024 -0.95692 0.17807 0.22935 0.27687 0.32166 0.90547 0.087461 0.92996 -0.3571
14235 -134.22 567.19 -84.047 -0.95697 0.17771 0.22941 0.27677 0.3213 0.90563 0.087234 0.93015 -0.35666
14245 -140.12 576.95 -83.428 -0.9379 0.22253 0.26614 0.32158 0.26987 0.90761 0.13015 0.93683 -0.32467
14255 -132.29 566.13 -84.086 -0.9568 0.17802 0.22988 0.27733 0.32132 0.90545 0.087317 0.93009 -0.35681
14265 -142.32 584.77 -83.049 -0.91808 0.25311 0.30505 0.36201 0.22189 0.90538 0.16147 0.94165 -0.29534
14275 -130.67 563.95 -84.01 -0.9553 0.18014 0.23442 0.28268 0.3244 0.90269 0.086562 0.92861 -0.36082
14285 -129.17 568.25 -86.214 -0.9557 0.1752 0.2365 0.27938 0.28719 0.91622 0.092602 0.94171 -0.32342
14295 -128.21 567.49 -86.342 -0.95535 0.17468 0.23831 0.2809 0.28679 0.91588 0.091638 0.94193 -0.32305
14305 -128.05 561.22 -84.041 -0.9538 0.17986 0.24065 0.28863 0.32626 0.90014 0.083382 0.92801 -0.3631
14315 -126.28 565.57 -86.504 -0.95484 0.17275 0.24176 0.28368 0.28792 0.91467 0.088403 0.94194 -0.32393
14325 -118.09 569.3 -84.002 -0.97182 0.12703 0.19858 0.22843 0.29948 0.92635 0.0582 0.94561 -0.32006
14335 -117.01 568.45 -84.069 -0.97189 0.12516 0.19941 0.22867 0.30035 0.92601 0.056007 0.94558 -0.32053
14345 -117.14 565.61 -84.12 -0.96962 0.13185 0.20603 0.23766 0.30863 0.92101 0.057847 0.942 -0.33059
14355 -115.71 565.63 -84.153 -0.97094 0.12774 0.2024 0.23267 0.30561 0.92329 0.056082 0.94355 -0.32645
14365 -123.06 554.13 -84.159 -0.95211 0.17934 0.24762 0.29596 0.33738 0.89363 0.076723 0.92413 -0.3743
14375 -122.45 552.69 -84.101 -0.95183 0.18095 0.24753 0.29664 0.33923 0.89271 0.07757 0.92314 -0.37657
14385 -121.68 551.73 -84.155 -0.952 0.18138 0.24656 0.29581 0.33818 0.89338 0.078657 0.92344 -0.3756
14395 -120.87 551.23 -84.44 -0.95198 0.18204 0.24618 0.29523 0.33268 0.89564 0.08114 0.9253 -0.37044
14405 -120.21 549.71 -84.366 -0.95119 0.18365 0.248 0.29764 0.33377 0.89443 0.081488 0.92459 -0.37215
14415 -119.52 548.65 -84.363 -0.95014 0.18514 0.2509 0.30084 0.3327 0.89376 0.081996 0.92468 -0.37181
14425 -118.69 547.09 -84.318 -0.94924 0.18599 0.25369 0.3039 0.33398 0.89225 0.081226 0.92405 -0.37355
14435 -117.84 545.74 -84.362 -0.94859 0.1863 0.25586 0.30606 0.33403 0.89149 0.080622 0.92397 -0.37388
14445 -117.11 544.11 -84.338 -0.9474 0.18734 0.2595 0.31 0.33539 0.88961 0.079625 0.92326 -0.37583
14455 -109.39 551 -84.491 -0.96341 0.14524 0.22528 0.26065 0.31168 0.91374 0.062491 0.93902 -0.33814
14465 -200.75 760.77 111.69 -0.1039 0.061561 -0.99268 -0.28584 -0.95783 -0.029483 -0.95263 0.28068 0.11711
14475 -114.7 540.04 -84.338 -0.9485 0.18588 0.2565 0.30686 0.3382 0.88964 0.078619 0.92253 -0.37782
14485 -120.49 551.44 -84.041 -0.92306 0.23331 0.30583 0.36402 0.27287 0.89052 0.12432 0.93333 -0.3368
14495 -120.18 551.51 -83.999 -0.92034 0.23733 0.31088 0.36929 0.26544 0.8906 0.12885 0.93446 -0.33194
14505 -119.34 550.5 -83.951 -0.9204 0.23784 0.31031 0.36888 0.26521 0.89084 0.12958 0.9344 -0.33183
14515 -117.87 548.17 -83.932 -0.92336 0.23409 0.30431 0.36263 0.27142 0.89153 0.1261 0.93356 -0.33551
14525 -117.39 548.42 -83.906 -0.92102 0.23815 0.30824 0.36696 0.26503 0.89168 0.13066 0.93437 -0.33149
14535 -116.23 546.95 -83.851 -0.92189 0.23745 0.30615 0.36502 0.26742 0.89176 0.12988 0.93386 -0.33321
14545 -107.94 533.47 -84.367 -0.94651 0.18851 0.26189 0.31236 0.33162 0.8902 0.080962 0.92439 -0.37277
14555 -106.77 532.52 -84.305 -0.94728 0.18779 0.25961 0.31001 0.33238 0.89074 0.080984 0.92426 -0.37307
14565 -105.79 531.86 -84.289 -0.9476 0.18839 0.25799 0.30871 0.33237 0.89119 0.082145 0.92414 -0.37312
14575 -104.93 531.33 -84.172 -0.9479 0.18969 0.25594 0.3073 0.33254 0.89162 0.084018 0.92381 -0.37351
14585 -96.099 540.71 -84.297 -0.96711 0.14183 0.21116 0.24544 0.30239 0.92104 0.066782 0.94257 -0.32725
14595 -94.751 540.88 -84.235 -0.9684 0.13975 0.20657 0.24032 0.30145 0.9227 0.066674 0.94319 -0.32551
14605 -93.146 541.28 -84.191 -0.97056 0.13494 0.1995 0.23197 0.30081 0.92504 0.064813 0.94409 -0.32326
14615 -100.14 529.04 -83.904 -0.95223 0.18456 0.24329 0.29407 0.33946 0.89347 0.082314 0.92234 -0.37752
14625 -91.351 540.34 -84.207 -0.97087 0.13331 0.19909 0.23132 0.30488 0.92387 0.062462 0.94301 -0.32684
14635 -98.063 530.09 -84.127 -0.95413 0.17916 0.23987 0.28865 0.33782 0.89586 0.079468 0.924 -0.37404
14645 -101.58 537.01 -84.03 -0.94285 0.20602 0.26191 0.31619 0.30501 0.89833 0.10519 0.9298 -0.35272
14655 -95.792 530.25 -84.168 -0.95674 0.17262 0.23419 0.28124 0.3427 0.89636 0.074472 0.92345 -0.37642
14665 -99.221 536.92 -83.977 -0.94726 0.19919 0.25104 0.30417 0.31218 0.90001 0.1009 0.92891 -0.3563
14675 -98.498 537.45 -84.033 -0.94806 0.19961 0.24767 0.30128 0.31365 0.90047 0.10206 0.92832 -0.3575
14685 -97.738 537.97 -83.935 -0.94944 0.20043 0.24166 0.2962 0.31659 0.90113 0.10411 0.92714 -0.35995
14695 -92.451 531.96 -84.006 -0.96125 0.17262 0.21494 0.26409 0.35302 0.89757 0.079059 0.91956 -0.38493
14705 -91.89 532.37 -83.937 -0.96234 0.17463 0.20832 0.25907 0.35706 0.89744 0.082338 0.91761 -0.38886
14715 -94.685 536.94 -83.67 -0.95591 0.19739 0.21743 0.27487 0.34084 0.89904 0.10335 0.91917 -0.38006
14725 -90.726 533.7 -83.891 -0.96383 0.17753 0.19878 0.25196 0.36381 0.89675 0.086878 0.9144 -0.39538
14735 -93.306 537.96 -83.602 -0.95824 0.19751 0.20681 0.26593 0.34941 0.89844 0.10519 0.91592 -0.38734
14745 -89.469 535.18 -83.77 -0.96599 0.17695 0.18858 0.24281 0.36975 0.89685 0.088968 0.91213 -0.40014
14755 -89.013 536.3 -83.796 -0.96698 0.17638 0.18398 0.23838 0.37045 0.89775 0.090193 0.91195 -0.40026
14765 -88.592 536.88 -83.61 -0.96889 0.17406 0.17592 0.23016 0.37254 0.89902 0.090945 0.91155 -0.40101
14775 -88.007 538.24 -83.714 -0.97033 0.1713 0.17064 0.22397 0.37095 0.90124 0.091086 0.91272 -0.39831
14785 -87.235 540.62 -83.91 -0.97093 0.16956 0.16897 0.22104 0.36414 0.90473 0.091871 0.91578 -0.39103
14795 -87.066 542.23 -83.952 -0.97159 0.16922 0.16547 0.21725 0.36031 0.90718 0.093899 0.91736 -0.38683
14805 -92.332 540.87 -79.155 -0.9695 0.20482 0.13464 0.20461 0.37386 0.90463 0.13495 0.90459 -0.40436
14815 -86.151 552.48 -86.695 -0.97396 0.16538 0.15508 0.19991 0.3038 0.93153 0.10694 0.93827 -0.32895
14825 -87.746 547.87 -83.675 -0.97229 0.17536 0.15461 0.20783 0.34549 0.91512 0.10706 0.92189 -0.37236
14835 -90.302 555.66 -83.875 -0.96479 0.19636 0.17501 0.23069 0.31202 0.92164 0.12637 0.92956 -0.34633
14845 -86.413 550.1 -83.829 -0.97444 0.16994 0.14691 0.19833 0.34375 0.91788 0.10548 0.92356 -0.36867
14855 -86.105 552.71 -84.004 -0.97317 0.17225 0.15254 0.20371 0.3368 0.91928 0.10698 0.92568 -0.36285
14865 -85.926 554.03 -83.949 -0.9734 0.17154 0.15187 0.20271 0.33594 0.91981 0.10676 0.92613 -0.36178
14875 -78.441 567.1 -83.958 -0.98799 0.11947 0.097994 0.12972 0.29675 0.9461 0.083947 0.94745 -0.30868
14885 -177.83 755.93 71.874 0.001236 0.099866 -0.995 -0.44103 -0.89295 -0.090171 -0.89749 0.43894 0.042941
14895 -86.447 559.54 -83.825 -0.97437 0.1701 0.14724 0.1968 0.32736 0.92418 0.109 0.92946 -0.35244
14905 -75.923 574.84 -83.749 -0.99201 0.098495 0.078863 0.10371 0.28053 0.95422 0.071862 0.95478 -0.28851
14915 -84.171 561.83 -84.108 -0.97814 0.15448 0.13921 0.18365 0.32768 0.92677 0.097554 0.93207 -0.34889
14925 -83.607 563.44 -84.113 -0.97927 0.14974 0.13645 0.17917 0.32585 0.92829 0.094538 0.93349 -0.34593
14935 -83.038 564.43 -83.976 -0.98052 0.14476 0.13277 0.17401 0.32651 0.92904 0.091139 0.93404 -0.34534
14945 -82.418 566.14 -83.972 -0.98149 0.1405 0.13015 0.1698 0.32398 0.9307 0.088596 0.93558 -0.34183
14955 -81.686 568.91 -84.281 -0.9815 0.13777 0.13295 0.17072 0.31543 0.93347 0.086665 0.9389 -0.33311
14965 -81.234 570.29 -84.238 -0.98171 0.13589 0.13332 0.17037 0.31469 0.93378 0.084932 0.93942 -0.33209
14975 -80.48 572 -84.272 -0.98207 0.13261 0.13401 0.16968 0.31189 0.93485 0.082174 0.94082 -0.3288
14985 -79.747 573.62 -84.335 -0.98247 0.12952 0.13412 0.16858 0.30976 0.93575 0.07965 0.94195 -0.32617
14995 -78.91 574.83 -84.299 -0.98288 0.12632 0.13412 0.16761 0.31069 0.93562 0.076518 0.94208 -0.32654
15005 -78.118 576.1 -84.313 -0.98299 0.12373 0.13573 0.16828 0.31066 0.93551 0.073584 0.94243 -0.3262
15015 -77.184 577.23 -84.369 -0.98321 0.12059 0.13697 0.16848 0.31136 0.93524 0.070137 0.94261 -0.32645
15025 -76.183 578.16 -84.379 -0.98361 0.11719 0.13703 0.16757 0.31348 0.93469 0.066584 0.94234 -0.32798
15035 -75.347 578.94 -84.376 -0.98369 0.11533 0.13802 0.16811 0.31673 0.9335 0.063949 0.94148 -0.33096
15045 -74.352 579.9 -84.478 -0.98384 0.1128 0.13902 0.16832 0.31823 0.93295 0.060992 0.94128 -0.33208
15055 -73.328 580.56 -84.485 -0.98415 0.11031 0.13884 0.1675 0.32131 0.93204 0.058202 0.94053 -0.3347
15065 -72.487 580.09 -84.223 -0.98504 0.10749 0.13465 0.1631 0.32982 0.92985 0.05554 0.9379 -0.34242
15075 -71.456 581.13 -84.368 -0.98535 0.10523 0.13417 0.1619 0.33043 0.92984 0.053517 0.93795 -0.34263
15085 -70.436 581.45 -84.401 -0.98561 0.10315 0.13394 0.16113 0.33361 0.92884 0.051124 0.93705 -0.34543
15095 -69.42 581.7 -84.351 -0.98579 0.10158 0.13377 0.16066 0.3379 0.92737 0.048998 0.93568 -0.34942
15105 -68.473 582.23 -84.417 -0.98574 0.10094 0.13462 0.1613 0.33923 0.92677 0.047885 0.93527 -0.35068
15115 -67.506 582.74 -84.481 -0.98569 0.10054 0.13527 0.16182 0.34028 0.9263 0.047101 0.93493 -0.35168
15125 -66.555 582.94 -84.469 -0.9856 0.10074 0.13583 0.16251 0.34214 0.92549 0.04676 0.93423 -0.35358
15135 -65.581 583.95 -84.769 -0.985 0.10167 0.13939 0.16608 0.33989 0.92568 0.046739 0.93495 -0.35168
15145 -64.736 583.24 -84.5 -0.98528 0.10227 0.137 0.1643 0.34482 0.92418 0.047276 0.93308 -0.35655
15155 -57.081 595.57 -84.503 -0.99426 0.05713 0.090512 0.10365 0.303 0.94734 0.026696 0.95128 -0.30718
15165 -62.823 584.09 -84.771 -0.98462 0.10342 0.14084 0.1682 0.34268 0.92427 0.047325 0.93374 -0.3548
15175 -55.399 595.21 -84.495 -0.9938 0.058633 0.094461 0.10791 0.3041 0.94651 0.026771 0.95083 -0.30854
15185 -60.995 583.85 -84.879 -0.98393 0.10439 0.14484 0.17226 0.34174 0.92387 0.046943 0.93398 -0.35423
15195 -60.059 583.86 -84.944 -0.98381 0.10403 0.14597 0.17311 0.34014 0.92431 0.046503 0.9346 -0.35264
15205 -59.224 583.5 -84.921 -0.98337 0.10454 0.14848 0.17564 0.34003 0.92387 0.046089 0.93459 -0.35274
15215 -58.357 583.19 -84.943 -0.98289 0.1052 0.15118 0.17837 0.33919 0.92365 0.045885 0.93482 -0.35215
15225 -57.598 582.93 -85.005 -0.98239 0.10628 0.15369 0.18101 0.33716 0.92388 0.046376 0.93543 -0.35046
15235 -56.718 582.6 -84.986 -0.98206 0.10683 0.15537 0.18275 0.33645 0.9238 0.046414 0.93562 -0.34994
15245 -55.945 581.89 -84.964 -0.98179 0.10752 0.15661 0.18419 0.33706 0.92329 0.04648 0.93532 -0.35073
15255 -54.954 586.32 -86.994 -0.98218 0.10515 0.1558 0.18075 0.3009 0.93637 0.051573 0.94784 -0.31454
15265 -54.678 580.42 -84.787 -0.98176 0.10876 0.15592 0.18403 0.33806 0.92296 0.047665 0.93482 -0.35191
15275 -53.893 579.55 -84.743 -0.98168 0.10892 0.15636 0.18459 0.33985 0.92219 0.047301 0.93415 -0.35373
15285 -53.111 579.49 -84.921 -0.98111 0.10946 0.15951 0.18767 0.33842 0.92209 0.046954 0.93461 -0.35257
15295 -52.616 577.9 -84.69 -0.98121 0.11012 0.1584 0.18711 0.34341 0.92036 0.046955 0.93271 -0.35756
15305 -52.05 577.33 -84.741 -0.98102 0.11099 0.15899 0.18798 0.34337 0.9202 0.047537 0.93262 -0.35771
15315 -44.068 588.76 -84.528 -0.99194 0.061786 0.11064 0.12428 0.30365 0.94464 0.024769 0.95078 -0.30888
15325 -44.557 586.1 -84.661 -0.99049 0.069945 0.11848 0.1345 0.31112 0.94081 0.028944 0.94779 -0.31757
15335 -43.225 587.07 -84.654 -0.99158 0.064619 0.11219 0.12669 0.30575 0.94365 0.026675 0.94992 -0.31136
15345 -43.77 584.63 -84.908 -0.98974 0.073507 0.12249 0.13939 0.30928 0.9407 0.031266 0.94813 -0.31635
15355 -43.121 584.14 -84.87 -0.98978 0.073003 0.1225 0.13921 0.30828 0.94106 0.030937 0.94849 -0.31529
15365 -48.854 573.34 -84.994 -0.98031 0.11451 0.1609 0.19103 0.34323 0.91962 0.050083 0.93225 -0.35834
15375 -48.309 573 -85.086 -0.98016 0.11472 0.16163 0.19168 0.34126 0.92022 0.050407 0.93294 -0.35648
15385 -47.762 572.16 -85.019 -0.98019 0.11488 0.16137 0.19153 0.34187 0.92002 0.050521 0.9327 -0.3571
15395 -47.219 571.67 -85.074 -0.98025 0.11506 0.16083 0.19102 0.34068 0.92057 0.051126 0.93311 -0.35593
15405 -46.755 571.01 -85.05 -0.98021 0.11582 0.16055 0.19101 0.34014 0.92077 0.052037 0.93322 -0.35553
15415 -46.417 570.47 -85.047 -0.98005 0.11721 0.1605 0.19142 0.33958 0.92089 0.05344 0.93325 -0.35524
15425 -45.759 569.73 -85.038 -0.98033 0.11685 0.15904 0.18991 0.33946 0.92125 0.053658 0.93334 -0.35497
15435 -45.322 568.84 -84.975 -0.98023 0.11788 0.15892 0.19024 0.3407 0.92073 0.054393 0.93275 -0.35639
15445 -44.745 568.37 -85.027 -0.98026 0.11824 0.15845 0.18988 0.33992 0.92109 0.055046 0.93299 -0.35566
15455 -44.167 567.45 -84.945 -0.9801 0.11889 0.15895 0.19069 0.34162 0.92029 0.055109 0.93229 -0.35749
15465 -43.591 566.57 -85.007 -0.9797 0.11999 0.16058 0.19266 0.34245 0.91957 0.055347 0.93184 -0.35862
15475 -43.078 565.92 -84.989 -0.97934 0.12116 0.1619 0.19436 0.34292 0.91904 0.055835 0.93152 -0.35939
15485 -42.246 565.64 -85.191 -0.97849 0.12175 0.16653 0.19887 0.34213 0.91837 0.054836 0.93173 -0.35898
15495 -41.497 564.64 -85.15 -0.97859 0.12122 0.16636 0.19864 0.34442 0.91756 0.053925 0.93096 -0.36113
15505 -40.707 564.03 -85.189 -0.97864 0.12057 0.16652 0.1986 0.34506 0.91733 0.053145 0.9308 -0.36163
15515 -39.993 563.34 -85.247 -0.97863 0.12018 0.16683 0.19879 0.34581 0.917 0.052518 0.93058 -0.36231
15525 -39.066 562.66 -85.224 -0.97877 0.11835 0.16731 0.19864 0.34697 0.9166 0.050429 0.93038 -0.36311
15535 -32.539 570.71 -85.088 -0.98872 0.078774 0.12741 0.14612 0.31988 0.93612 0.032987 0.94418 -0.32778
15545 -37.455 561.14 -85.231 -0.97879 0.11714 0.1681 0.19906 0.34947 0.91556 0.048498 0.9296 -0.36537
15555 -36.59 560.72 -85.287 -0.97895 0.11686 0.16734 0.19818 0.34824 0.91622 0.04879 0.93009 -0.36407
15565 -35.735 560.12 -85.304 -0.979 0.11734 0.16672 0.19778 0.34815 0.91634 0.049481 0.93007 -0.36405
15575 -34.774 559.49 -85.251 -0.97916 0.11734 0.16576 0.1969 0.34854 0.91638 0.049757 0.92992 -0.36438
15585 -33.885 559.12 -85.316 -0.97906 0.11846 0.16555 0.19704 0.34724 0.91684 0.051127 0.93027 -0.36331
15595 -32.983 558.64 -85.319 -0.97887 0.11966 0.16584 0.19769 0.34605 0.91715 0.052353 0.93055 -0.36239
15605 -32.231 557.57 -85.026 -0.97952 0.12053 0.16127 0.19389 0.34889 0.91688 0.054246 0.92938 -0.36512
15615 -31.15 557.18 -85.03 -0.97925 0.12129 0.16237 0.19514 0.3479 0.917 0.054736 0.92965 -0.36435
15625 -30.108 556.83 -85.026 -0.9791 0.12205 0.16272 0.19569 0.34695 0.91724 0.055492 0.92991 -0.36358
15635 -36.953 567.81 -84.929 -0.96301 0.17503 0.20489 0.24922 0.28927 0.92424 0.1025 0.94111 -0.32219
15645 -27.9 555.8 -84.95 -0.97882 0.12288 0.16374 0.19698 0.34741 0.91679 0.055773 0.92963 -0.36426
15655 -26.636 555.56 -84.983 -0.97912 0.12207 0.16256 0.19552 0.34661 0.9174 0.055645 0.93003 -0.36324
15665 -25.534 555.53 -85.036 -0.97915 0.12216 0.16228 0.19517 0.34452 0.91827 0.056266 0.9308 -0.36118
15675 -24.027 555.97 -85.311 -0.97937 0.12038 0.16233 0.19441 0.34176 0.91946 0.055205 0.93205 -0.35811
15685 -22.819 555.08 -85.072 -0.98015 0.11913 0.15846 0.19046 0.34404 0.91943 0.05501 0.93137 -0.3599
15695 -21.549 554.7 -85.079 -0.98054 0.11754 0.15723 0.18876 0.34464 0.91956 0.053897 0.93135 -0.36012
15705 -19.86 555.2 -85.304 -0.98033 0.11524 0.16024 0.19058 0.34159 0.92032 0.051326 0.93276 -0.35683
15715 -18.588 555.23 -85.411 -0.98076 0.11376 0.15867 0.18852 0.34064 0.9211 0.050733 0.93329 -0.35554
15725 -17.141 555.22 -85.432 -0.9814 0.11132 0.15642 0.18554 0.3407 0.92168 0.049313 0.93356 -0.35502
15735 -15.761 554.74 -85.359 -0.98203 0.10975 0.15353 0.18239 0.34304 0.92144 0.048462 0.93289 -0.3569
15745 -14.426 554.8 -85.364 -0.98259 0.10847 0.15082 0.17942 0.34356 0.92183 0.048173 0.93285 -0.35703
15755 -13.063 554.93 -85.361 -0.98331 0.10683 0.14729 0.17553 0.34388 0.92246 0.047899 0.93292 -0.3569
15765 -11.692 554.86 -85.326 -0.98396 0.10565 0.14377 0.17185 0.34457 0.9229 0.047962 0.9328 -0.3572
15775 -10.539 554.93 -85.276 -0.98438 0.10597 0.14058 0.16899 0.34512 0.92322 0.049319 0.93256 -0.35764
15785 -9.432 555.34 -85.322 -0.9847 0.107 0.13752 0.16644 0.34409 0.92407 0.051558 0.93282 -0.35664
15795 -8.7271 555.01 -84.991 -0.98537 0.10911 0.13092 0.16118 0.34709 0.92388 0.055364 0.93146 -0.3596
15805 -7.7457 555.27 -84.917 -0.98565 0.11146 0.12675 0.15814 0.34734 0.92431 0.058997 0.93109 -0.35999
15815 -6.7644 555.5 -84.815 -0.98583 0.11393 0.12314 0.1557 0.34799 0.92448 0.062471 0.93055 -0.3608
15825 -5.5452 556.73 -85.085 -0.98513 0.11727 0.12557 0.1589 0.34388 0.92547 0.065351 0.93166 -0.3574
15835 0.9154 567.72 -85.028 -0.99403 0.079164 0.075049 0.096063 0.30932 0.9461 0.051683 0.94766 -0.31507
15845 2.407 569.77 -84.945 -0.99501 0.075536 0.065189 0.085208 0.30336 0.94906 0.051912 0.94988 -0.30829
15855 4.2572 573.37 -84.826 -0.99649 0.067921 0.048848 0.066692 0.29239 0.95397 0.050512 0.95388 -0.29589
15865 4.7535 573.31 -84.757 -0.99629 0.070956 0.048692 0.06757 0.29462 0.95322 0.053292 0.95298 -0.29832
15875 4.9404 573.02 -84.834 -0.99576 0.076084 0.051754 0.072131 0.29617 0.95241 0.057135 0.9521 -0.3004
15885 6.4258 575.67 -84.708 -0.99666 0.070486 0.041225 0.0599 0.28798 0.95576 0.055496 0.95504 -0.29124
15895 6.2295 574.8 -84.79 -0.9958 0.078193 0.047647 0.068587 0.2922 0.9539 0.060666 0.95316 -0.29633
15905 0.4763 563.65 -85.029 -0.98739 0.12504 0.097054 0.13383 0.33208 0.93371 0.08452 0.93493 -0.34463
15915 1.1919 564.75 -84.997 -0.98762 0.12539 0.094303 0.13116 0.33004 0.93481 0.086086 0.9356 -0.3424
15925 1.7681 565.82 -84.992 -0.9876 0.12677 0.092635 0.12989 0.32826 0.93561 0.088195 0.93604 -0.34066
15935 2.3063 566.92 -84.944 -0.98762 0.12784 0.090872 0.12843 0.32656 0.93641 0.090031 0.93649 -0.33894
15945 2.8957 568.48 -84.964 -0.98786 0.12818 0.087724 0.12523 0.32314 0.93803 0.09189 0.93763 -0.33527
15955 3.3546 568.93 -84.746 -0.98848 0.12781 0.08101 0.11887 0.32454 0.93837 0.093643 0.9372 -0.33599
15965 4.053 569.99 -84.727 -0.98892 0.12678 0.077287 0.11488 0.3235 0.93923 0.094068 0.93769 -0.33448
15975 4.4585 571.56 -84.719 -0.98909 0.12708 0.074507 0.11203 0.32046 0.94061 0.095659 0.9387 -0.3312
15985 5.0526 572.76 -84.699 -0.9893 0.12645 0.0727 0.10999 0.3194 0.94122 0.095799 0.93915 -0.32989
15995 5.6704 574.11 -84.699 -0.98951 0.12537 0.071778 0.1086 0.31791 0.94188 0.095269 0.9398 -0.32819
16005 6.2488 575.66 -84.755 -0.98972 0.12453 0.070377 0.10673 0.31532 0.94297 0.09524 0.94078 -0.32537
16015 6.8596 577.08 -84.769 -0.98993 0.12311 0.069821 0.10551 0.31315 0.94383 0.094327 0.94169 -0.32298
16025 7.5669 578.6 -84.811 -0.99036 0.12079 0.067794 0.10251 0.30999 0.9452 0.093154 0.94304 -0.31938
16035 8.1673 580.07 -84.829 -0.99057 0.11909 0.067657 0.10153 0.30693 0.9463 0.09193 0.94425 -0.31613
16045 8.8248 582.8 -85.061 -0.99067 0.11779 0.068467 0.10101 0.2978 0.94927 0.091426 0.94733 -0.30692
16055 9.4984 583.42 -84.927 -0.99129 0.11457 0.064898 0.096631 0.29817 0.94961 0.08945 0.94761 -0.30665
16065 10.149 586.06 -85.108 -0.99137 0.11326 0.066036 0.096524 0.28968 0.95224 0.088722 0.9504 -0.29811
16075 10.882 587.46 -85.142 -0.99172 0.11081 0.064902 0.094333 0.28568 0.95367 0.087138 0.9519 -0.29377
16085 11.56 589.12 -85.17 -0.99198 0.10908 0.063791 0.092331 0.28101 0.95525 0.086275 0.95348 -0.28883
16095 12.305 590.51 -85.177 -0.99218 0.10738 0.063536 0.091303 0.27779 0.95629 0.085042 0.95462 -0.28542
16105 13.078 591.98 -85.155 -0.99242 0.10567 0.062809 0.089875 0.27511 0.9572 0.08387 0.95559 -0.28253
16115 14.002 592.96 -85.153 -0.99265 0.1038 0.062261 0.088755 0.27446 0.95749 0.082297 0.95598 -0.28165
16125 14.802 592.98 -85.021 -0.99296 0.10185 0.060419 0.086737 0.27816 0.95661 0.080621 0.95512 -0.28503
16135 15.742 595.13 -85.245 -0.99285 0.10141 0.062934 0.088529 0.2721 0.95819 0.080045 0.95691 -0.27913
16145 16.657 595.1 -85.093 -0.99311 0.099361 0.062214 0.087648 0.27688 0.9569 0.077853 0.95575 -0.28368
16155 17.657 595.93 -85.144 -0.99312 0.097936 0.064191 0.089166 0.27715 0.95668 0.075902 0.95582 -0.28398
16165 18.844 596.42 -85.117 -0.99329 0.095322 0.065461 0.08978 0.27896 0.9561 0.072876 0.95556 -0.28564
16175 19.896 597.18 -85.211 -0.9934 0.093224 0.066788 0.090464 0.27909 0.956 0.070482 0.95573 -0.28568
16185 21.023 597.76 -85.219 -0.99357 0.090753 0.067755 0.09074 0.27989 0.95573 0.067772 0.95573 -0.28632
16195 22.156 598.28 -85.282 -0.99374 0.088105 0.068645 0.090884 0.28063 0.9555 0.06492 0.95576 -0.28688
16205 23.248 598.61 -85.286 -0.99389 0.086066 0.069047 0.090781 0.28212 0.95507 0.06272 0.95551 -0.28821
16215 24.461 599.14 -85.331 -0.99423 0.083463 0.067449 0.088529 0.28273 0.95511 0.060646 0.95556 -0.28848
16225 25.651 599.42 -85.36 -0.99446 0.081385 0.066469 0.087066 0.28403 0.95486 0.058832 0.95536 -0.28954
16235 26.68 599.73 -85.358 -0.99446 0.080939 0.067046 0.087557 0.28512 0.95448 0.058138 0.95507 -0.29063
16245 27.972 600.86 -85.643 -0.99426 0.080524 0.070489 0.090518 0.28139 0.95532 0.057091 0.95621 -0.28706
16255 29.073 600.98 -85.651 -0.9941 0.080624 0.072583 0.092639 0.28275 0.95471 0.05645 0.9558 -0.28855
16265 30.17 600.96 -85.614 -0.99398 0.080989 0.073861 0.094048 0.28404 0.95419 0.056299 0.95539 -0.28995
16275 36.841 612.87 -84.718 -0.9989 0.039823 0.024682 0.033567 0.24077 0.97 0.032686 0.96976 -0.24185
16285 32.212 601.36 -85.749 -0.99339 0.084104 0.078148 0.098973 0.2824 0.95418 0.058181 0.9556 -0.28886
16295 38.455 611.81 -84.862 -0.99836 0.046745 0.032953 0.043463 0.24561 0.9684 0.037174 0.96824 -0.24724
16305 33.995 599.96 -85.513 -0.99326 0.086808 0.07687 0.098958 0.28911 0.95217 0.060432 0.95335 -0.29575
16315 35.101 600.71 -85.747 -0.99264 0.089117 0.082001 0.10428 0.28469 0.95293 0.061577 0.95447 -0.29189
16325 35.89 599.75 -85.592 -0.99286 0.089439 0.078909 0.10164 0.28826 0.95214 0.062412 0.95337 -0.29529
16335 36.957 599.28 -85.545 -0.99279 0.089599 0.079614 0.10242 0.28918 0.95178 0.062256 0.95307 -0.29627
16345 37.912 598.65 -85.503 -0.99259 0.090296 0.081302 0.10438 0.29119 0.95095 0.062193 0.95239 -0.29846
16355 38.837 598.21 -85.562 -0.99233 0.09093 0.083716 0.10688 0.29117 0.95068 0.062071 0.95234 -0.29865
16365 39.672 597.65 -85.56 -0.99204 0.092116 0.08585 0.10929 0.29119 0.9504 0.062549 0.95222 -0.29894
16375 40.551 597.2 -85.582 -0.9918 0.093148 0.087488 0.11114 0.29081 0.9503 0.063077 0.95224 -0.29878
16385 41.58 597.16 -85.735 -0.99118 0.094516 0.092915 0.11662 0.28877 0.95027 0.062985 0.95272 -0.29724
16395 42.17 596 -85.574 -0.99136 0.095451 0.089995 0.11425 0.29102 0.94987 0.064476 0.95194 -0.29941
16405 38.54 600.47 -85.069 -0.98625 0.12436 0.10881 0.13878 0.26594 0.95395 0.089698 0.95593 -0.27954
16415 39.018 600.36 -85.073 -0.98581 0.12681 0.10998 0.14032 0.26302 0.95453 0.092119 0.95642 -0.27708
16425 44.357 594.97 -85.744 -0.99076 0.098241 0.093551 0.11829 0.28807 0.95027 0.066407 0.95256 -0.29703
16435 44.961 594.74 -85.768 -0.99049 0.0998 0.094674 0.11975 0.28686 0.95046 0.067697 0.95276 -0.29609
16445 45.807 593.2 -85.736 -0.99027 0.099389 0.097382 0.12246 0.29021 0.9491 0.066069 0.95179 -0.29955
16455 46.496 592.27 -85.715 -0.99021 0.098882 0.098488 0.12348 0.29187 0.94846 0.06504 0.95133 -0.30122
16465 47.227 591.17 -85.627 -0.99017 0.098099 0.099668 0.12457 0.29487 0.94738 0.063548 0.95049 -0.30419
16475 47.964 590.65 -85.745 -0.99012 0.096836 0.10143 0.12587 0.29471 0.94726 0.061836 0.95067 -0.30399
16485 48.915 589.1 -85.628 -0.99037 0.094133 0.10151 0.1255 0.30102 0.94532 0.058431 0.94896 -0.30993
16495 49.545 588.06 -85.658 -0.99024 0.093066 0.10376 0.12751 0.30408 0.94408 0.056309 0.94809 -0.31298
16505 50.407 586.91 -85.658 -0.99035 0.090821 0.10473 0.12797 0.30841 0.94261 0.053308 0.94691 -0.31706
16515 51.133 585.97 -85.681 -0.99038 0.089145 0.10582 0.12864 0.3115 0.9415 0.050967 0.94605 -0.31997
16525 52.043 584.76 -85.665 -0.99072 0.086711 0.10472 0.12701 0.31543 0.94041 0.048513 0.94498 -0.32351
16535 52.745 584.08 -85.701 -0.99082 0.085418 0.10482 0.12675 0.31678 0.93999 0.047089 0.94465 -0.32469
16545 53.38 583.24 -85.745 -0.99071 0.085125 0.10606 0.1279 0.31827 0.93933 0.046207 0.94417 -0.3262
16555 54.281 582.77 -85.798 -0.99096 0.083456 0.10503 0.12638 0.31828 0.93954 0.044982 0.94432 -0.32595
16565 54.941 582.12 -85.777 -0.99091 0.083723 0.10532 0.12679 0.31938 0.93911 0.044989 0.94392 -0.32709
16575 55.682 581.7 -85.778 -0.99098 0.083993 0.10443 0.126 0.31849 0.93951 0.045654 0.9442 -0.32621
16585 56.37 581.7 -85.853 -0.99084 0.084783 0.10514 0.1268 0.3158 0.94031 0.046518 0.94503 -0.32366
16595 57.019 581.24 -85.843 -0.99065 0.086157 0.10583 0.12789 0.31552 0.94026 0.047619 0.945 -0.32359
16605 57.848 580.67 -85.732 -0.9906 0.086535 0.10599 0.12822 0.3167 0.93982 0.047761 0.94457 -0.32482
16615 58.544 580.23 -85.735 -0.99039 0.087491 0.10712 0.12963 0.31716 0.93947 0.048223 0.94433 -0.32545
16625 66.169 593.06 -84.908 -0.99804 0.037052 0.050348 0.058539 0.27137 0.96069 0.021933 0.96176 -0.27301
16635 60.357 579.75 -85.77 -0.9906 0.085159 0.10709 0.12887 0.31772 0.93939 0.045971 0.94435 -0.32571
16645 61.227 579.45 -85.78 -0.99057 0.083286 0.10877 0.12989 0.31881 0.93888 0.04352 0.94415 -0.32662
16655 62.269 579.07 -85.787 -0.99085 0.079581 0.109 0.129 0.32108 0.93822 0.039667 0.9437 -0.32841
16665 63.181 578.02 -85.589 -0.99147 0.074974 0.10663 0.12547 0.32722 0.93658 0.035327 0.94197 -0.33383
16675 64.348 578.55 -85.825 -0.99149 0.070774 0.10923 0.12651 0.32675 0.93661 0.030596 0.94246 -0.33293
16685 65.328 577.64 -85.646 -0.99203 0.06669 0.10688 0.12309 0.33243 0.93506 0.026828 0.94077 -0.33799
16695 66.433 577.44 -85.659 -0.99243 0.062409 0.10582 0.12072 0.3358 0.93417 0.022766 0.93986 -0.34079
16705 67.208 577.49 -85.618 -0.99258 0.060648 0.1054 0.11979 0.33855 0.93329 0.02092 0.93899 -0.34331
16715 68.182 577.75 -85.687 -0.99299 0.057942 0.103 0.11664 0.34021 0.93309 0.019024 0.93856 -0.34458
16725 69.12 577.59 -85.612 -0.99359 0.055367 0.098562 0.11166 0.34458 0.93209 0.017644 0.93712 -0.34856
16735 69.829 578.1 -85.641 -0.99386 0.054588 0.096242 0.10924 0.34581 0.93192 0.01759 0.93671 -0.34965
16745 70.629 578.31 -85.628 -0.9943 0.05336 0.092308 0.10517 0.34861 0.93135 0.017516 0.93575 -0.35224
16755 71.456 578.62 -85.559 -0.9947 0.05206 0.088727 0.10141 0.35138 0.93072 0.017276 0.93478 -0.3548
16765 72.219 579.06 -85.617 -0.99499 0.050831 0.086054 0.098508 0.3533 0.93031 0.016885 0.93413 -0.35654
16775 73.129 580.43 -85.864 -0.99502 0.050184 0.086109 0.098281 0.35055 0.93137 0.016555 0.9352 -0.35373
16785 73.968 580.9 -85.826 -0.99531 0.048465 0.083765 0.095504 0.35208 0.93108 0.015632 0.93471 -0.35506
16795 74.707 581.69 -85.882 -0.99557 0.047211 0.081326 0.092775 0.35199 0.9314 0.015347 0.93481 -0.35481
16805 75.438 582.15 -85.908 -0.99579 0.045931 0.079342 0.090483 0.35312 0.93119 0.014754 0.93445 -0.35579
16815 76.25 582.92 -85.915 -0.99606 0.043882 0.077056 0.08761 0.35273 0.93162 0.013701 0.9347 -0.35518
16825 76.914 583.72 -85.92 -0.9963 0.042521 0.074688 0.084911 0.3527 0.93188 0.013282 0.93477 -0.355
16835 77.566 584.21 -85.872 -0.99657 0.040865 0.072031 0.081853 0.35384 0.93172 0.012587 0.93441 -0.35597
16845 78.269 584.26 -85.671 -0.99718 0.037995 0.064763 0.074077 0.35695 0.93118 0.012263 0.93335 -0.35876
16855 78.81 585.7 -85.842 -0.99715 0.038309 0.065025 0.074397 0.35417 0.93222 0.012683 0.9344 -0.35601
16865 79.378 585.87 -85.652 -0.99762 0.036396 0.058485 0.067638 0.35677 0.93174 0.013046 0.93348 -0.35839
16875 79.938 586.5 -85.586 -0.99779 0.035976 0.055814 0.065 0.35727 0.93174 0.01358 0.93331 -0.35882
16885 80.359 587.54 -85.642 -0.99787 0.036507 0.054028 0.063505 0.3561 0.93229 0.014796 0.93373 -0.35766
16895 80.984 588.3 -85.628 -0.99801 0.035825 0.051869 0.061247 0.35628 0.93237 0.014923 0.93369 -0.35776
16905 81.54 589.13 -85.638 -0.99816 0.035267 0.049231 0.058572 0.35562 0.93279 0.01539 0.93396 -0.35704
16915 82.045 590.07 -85.65 -0.99826 0.034895 0.047479 0.056781 0.35443 0.93336 0.015741 0.93443 -0.3558
16925 82.495 591.01 -85.648 -0.99834 0.034905 0.045905 0.055285 0.35283 0.93405 0.016406 0.93504 -0.35417
16935 82.988 592.25 -85.757 -0.99851 0.034192 0.042511 0.05179 0.3492 0.93562 0.017146 0.93642 -0.35045
16945 83.468 593.13 -85.736 -0.99858 0.03386 0.041026 0.050255 0.3477 0.93626 0.017437 0.93699 -0.34891
16955 83.968 593.96 -85.682 -0.99865 0.033463 0.039717 0.048872 0.34677 0.93668 0.017572 0.93736 -0.34793
16965 84.381 595.05 -85.711 -0.99876 0.033345 0.036964 0.046197 0.34418 0.93777 0.018548 0.93831 -0.34529
16975 84.794 596.34 -85.806 -0.99879 0.03348 0.03599 0.045236 0.33958 0.93949 0.019233 0.93998 -0.34068
16985 85.198 597.62 -85.851 -0.99884 0.033776 0.034246 0.043598 0.33498 0.94122 0.020319 0.94162 -0.33606
16995 85.624 598.38 -85.765 -0.9989 0.033941 0.032493 0.041961 0.3332 0.94192 0.021144 0.94225 -0.33425
17005 86.111 600.56 -86.002 -0.99883 0.03505 0.033239 0.042822 0.32411 0.94505 0.022351 0.94537 -0.32524
17015 86.475 601.06 -85.863 -0.99896 0.034794 0.029498 0.039173 0.32303 0.94558 0.023372 0.94575 -0.32406
17025 87.049 602.82 -86.038 -0.99886 0.03581 0.031526 0.041248 0.31611 0.94782 0.023975 0.94805 -0.31723
17035 87.623 603.95 -86.023 -0.99886 0.035888 0.031423 0.041085 0.31256 0.94901 0.024237 0.94922 -0.31368
17045 88.092 604.89 -86.024 -0.99881 0.036713 0.032119 0.04194 0.31009 0.94978 0.024909 0.95 -0.31126
17055 88.753 605.76 -86.068 -0.99879 0.036598 0.032698 0.042384 0.30737 0.95065 0.024741 0.95089 -0.30855
17065 89.397 606.73 -86.028 -0.99879 0.036397 0.033167 0.042706 0.30494 0.95142 0.024515 0.95168 -0.30612
17075 90.095 607.7 -86.084 -0.99882 0.035874 0.032834 0.04216 0.30221 0.95231 0.02424 0.95257 -0.30337
17085 90.751 607.53 -85.854 -0.99898 0.034236 0.029535 0.03859 0.30516 0.95152 0.023563 0.95169 -0.30617
17095 91.478 608.7 -85.876 -0.99904 0.03356 0.028113 0.036938 0.30147 0.95276 0.023499 0.95288 -0.30242
17105 92.233 609.69 -85.916 -0.99907 0.032823 0.028009 0.036551 0.29878 0.95362 0.022932 0.95376 -0.2997
17115 92.899 611.38 -86.09 -0.99911 0.032766 0.026606 0.035019 0.29161 0.9559 0.023563 0.95598 -0.2925
17125 93.729 612.23 -86.093 -0.99914 0.031773 0.026577 0.034655 0.28968 0.95649 0.022692 0.95659 -0.29054
17135 94.69 612.89 -86.093 -0.99921 0.030258 0.025605 0.033266 0.28888 0.95679 0.021553 0.95689 -0.28966
17145 95.488 613.86 -86.12 -0.99918 0.030101 0.02719 0.034687 0.28657 0.95743 0.021028 0.95759 -0.28738
17155 96.466 614.56 -86.161 -0.99923 0.028829 0.02662 0.033751 0.28539 0.95782 0.020015 0.95798 -0.28615
17165 97.348 615.33 -86.183 -0.99924 0.028297 0.026969 0.033909 0.28421 0.95816 0.019448 0.95835 -0.28495
17175 98.314 615.93 -86.21 -0.99926 0.027726 0.026621 0.033407 0.28395 0.95826 0.019009 0.95844 -0.28467
17185 99.401 617.06 -86.356 -0.99916 0.028043 0.029983 0.036678 0.28167 0.95881 0.018442 0.9591 -0.28246
17195 100.42 617.68 -86.398 -0.99917 0.02769 0.029746 0.03633 0.28057 0.95915 0.018213 0.95943 -0.28135
17205 101.44 617.88 -86.42 -0.99919 0.027382 0.029637 0.036161 0.28178 0.9588 0.017902 0.95909 -0.28254
17215 102.4 618.29 -86.408 -0.99914 0.02789 0.030661 0.037284 0.28159 0.95881 0.018108 0.95913 -0.28239
17225 103.53 618.53 -86.418 -0.99916 0.027364 0.030582 0.037057 0.28147 0.95885 0.01763 0.95918 -0.28225
17235 104.56 618.82 -86.463 -0.99913 0.027582 0.031364 0.037852 0.28055 0.95909 0.017654 0.95944 -0.28135
17245 105.73 618.93 -86.478 -0.99913 0.026902 0.032002 0.038282 0.28102 0.95894 0.016804 0.95933 -0.2818
17255 106.86 618.97 -86.491 -0.9991 0.026725 0.033063 0.039251 0.2811 0.95888 0.016332 0.95931 -0.28189
17265 108.06 618.98 -86.523 -0.99906 0.025837 0.034793 0.040658 0.2809 0.95888 0.015001 0.95939 -0.28169
17275 109.07 618 -86.361 -0.99915 0.024966 0.032706 0.038474 0.28507 0.95773 0.014587 0.95818 -0.28579
17285 110.19 617.8 -86.353 -0.99912 0.024421 0.034086 0.039647 0.28553 0.95755 0.013651 0.95806 -0.28625
17295 111.42 617.56 -86.366 -0.99915 0.023114 0.034056 0.039252 0.28616 0.95738 0.012384 0.9579 -0.28683
17305 112.35 617.32 -86.399 -0.99909 0.023734 0.035366 0.040681 0.28579 0.95743 0.012617 0.958 -0.28649
17315 113.45 616.87 -86.403 -0.99911 0.023136 0.035395 0.040552 0.28704 0.95706 0.011982 0.95764 -0.28773
17325 114.54 616.26 -86.405 -0.99909 0.022891 0.036022 0.041098 0.28835 0.95664 0.011511 0.95725 -0.28903
17335 115.47 615.81 -86.46 -0.99904 0.023469 0.036972 0.042173 0.28819 0.95664 0.011796 0.95729 -0.2889
17345 116.45 615.08 -86.393 -0.999 0.023957 0.037641 0.042984 0.29048 0.95591 0.011967 0.95658 -0.29122
