10932.000000	109.130000	757.730000	303.360000	0.234273	-0.968788	0.081026	0.971230	0.236898	0.024334	-0.042769	0.072994	0.996415
10936.000000	109.170800	757.794800	303.691200	0.155545	-0.984944	0.075437	0.987110	0.157892	0.026170	-0.037687	0.070394	0.996807
10940.000000	109.211600	757.859600	304.022400	0.075779	-0.994658	0.070098	0.996591	0.077849	0.027293	-0.032604	0.067791	0.997167
10944.000000	109.252400	757.924400	304.353600	-0.004506	-0.997870	0.065085	0.999611	-0.002704	0.027756	-0.027521	0.065185	0.997494
10948.000000	109.293200	757.989200	304.684800	-0.084784	-0.994563	0.060467	0.996147	-0.083240	0.027620	-0.022436	0.062575	0.997788
10952.000000	109.334000	758.054000	305.016000	-0.164531	-0.984764	0.056305	0.986219	-0.163233	0.026953	-0.017351	0.059964	0.998050
10956.000000	109.374800	758.118800	305.347200	-0.243224	-0.968540	0.052653	0.969893	-0.242159	0.025829	-0.012266	0.057349	0.998279
10960.000000	109.415600	758.183600	305.678400	-0.320349	-0.946003	0.049553	0.947272	-0.319505	0.024326	-0.007180	0.054733	0.998475
10964.000000	109.456400	758.248400	306.009600	-0.395402	-0.917303	0.047041	0.918506	-0.394765	0.022528	-0.002094	0.052115	0.998639
10968.000000	109.497200	758.313200	306.340800	-0.467892	-0.882632	0.045141	0.883781	-0.467451	0.020518	0.002991	0.049495	0.998770
10972.000000	109.538000	758.378000	306.672000	-0.537344	-0.842221	0.043867	0.843324	-0.537090	0.018384	0.008077	0.046873	0.998868
10976.000000	109.578800	758.442800	307.003200	-0.603306	-0.796338	0.043225	0.797401	-0.603232	0.016214	0.013163	0.044250	0.998934
10980.000000	109.619600	758.507600	307.334400	-0.665346	-0.745284	0.043209	0.746312	-0.665447	0.014095	0.018248	0.041626	0.998967
10984.000000	109.660400	758.572400	307.665600	-0.723059	-0.689397	0.043803	0.690393	-0.723333	0.012114	0.023333	0.039001	0.998967
10988.000000	109.701200	758.637200	307.996800	-0.776068	-0.629043	0.044983	0.630008	-0.776519	0.010354	0.028417	0.036375	0.998934
10992.000000	109.742000	758.702000	308.328000	-0.824029	-0.564618	0.046714	0.565556	-0.824662	0.008895	0.033501	0.033749	0.998869
10996.000000	109.782800	758.766800	308.659200	-0.866630	-0.496544	0.048952	0.497457	-0.867453	0.007814	0.038583	0.031123	0.998771
11000.000000	109.823600	758.831600	308.990400	-0.903594	-0.425266	0.051644	0.426159	-0.904620	0.007180	0.043665	0.028497	0.998640
11004.000000	109.864400	758.896400	309.321600	-0.934681	-0.351249	0.054732	0.352129	-0.935925	0.007059	0.048746	0.025871	0.998476
11008.000000	109.905200	758.961200	309.652800	-0.959692	-0.274974	0.058147	0.275853	-0.961171	0.007508	0.053825	0.023245	0.998280
11012.000000	109.946000	759.026000	309.984000	-0.978465	-0.196938	0.061816	0.197829	-0.980199	0.008576	0.058903	0.020620	0.998051
11016.000000	109.986800	759.090800	310.315200	-0.990882	-0.117648	0.065658	0.118569	-0.992892	0.010305	0.063979	0.017996	0.997789
11020.000000	110.027600	759.155600	310.646400	-0.996866	-0.037617	0.069590	0.038592	-0.999174	0.012727	0.069054	0.015373	0.997494
11024.000000	110.068400	759.220400	310.977600	-0.996382	0.042637	0.073523	-0.041579	-0.999009	0.015866	0.074127	0.012752	0.997167
11028.000000	110.109200	759.285200	311.308800	-0.989437	0.122595	0.077366	-0.121419	-0.992405	0.019734	0.079198	0.010132	0.996807
11032.000000	110.150000	759.350000	311.640000	-0.976082	0.201740	0.081026	-0.200408	-0.979410	0.024334	0.084266	0.007513	0.996415
11036.000000	110.042364	759.330727	312.017818	-0.984941	0.153721	0.079126	-0.152580	-0.988082	0.020309	0.081305	0.007930	0.996658
11040.000000	109.934727	759.311455	312.395636	-0.991449	0.105334	0.077033	-0.104364	-0.994402	0.016527	0.078343	0.008346	0.996892
11044.000000	109.827091	759.292182	312.773455	-0.995588	0.056694	0.074767	-0.055876	-0.998353	0.012997	0.075380	0.008763	0.997116
11048.000000	109.719455	759.272909	313.151273	-0.997348	0.007917	0.072345	-0.007232	-0.999927	0.009728	0.072417	0.009179	0.997332
11052.000000	109.611818	759.253636	313.529091	-0.996724	-0.040881	0.069789	0.041450	-0.999118	0.006725	0.069453	0.009596	0.997539
11056.000000	109.504182	759.234364	313.906909	-0.993715	-0.089584	0.067119	0.090053	-0.995929	0.003993	0.066488	0.010013	0.997737
11060.000000	109.396545	759.215091	314.284727	-0.988329	-0.138076	0.064355	0.138460	-0.990367	0.001537	0.063523	0.010429	0.997926
11064.000000	109.288909	759.195818	314.662545	-0.980576	-0.186240	0.061518	0.186555	-0.982444	-0.000642	0.060557	0.010846	0.998106
11068.000000	109.181273	759.176545	315.040364	-0.970476	-0.233963	0.058627	0.234220	-0.972180	-0.002543	0.057591	0.011263	0.998277
11072.000000	109.073636	759.157273	315.418182	-0.958052	-0.281130	0.055703	0.281341	-0.959599	-0.004166	0.054624	0.011680	0.998439
11076.000000	108.966000	759.138000	315.796000	-0.943332	-0.327628	0.052767	0.327805	-0.944729	-0.005512	0.051657	0.012097	0.998592
11080.000000	108.858364	759.118727	316.173818	-0.926352	-0.373348	0.049838	0.373500	-0.927607	-0.006585	0.048689	0.012515	0.998736
11084.000000	108.750727	759.099455	316.551636	-0.907151	-0.418179	0.046936	0.418314	-0.908272	-0.007389	0.045721	0.012932	0.998871
11088.000000	108.643091	759.080182	316.929455	-0.885776	-0.462015	0.044080	0.462140	-0.886771	-0.007928	0.042752	0.013349	0.998997
11092.000000	108.535455	759.060909	317.307273	-0.862277	-0.504751	0.041289	0.504872	-0.863155	-0.008211	0.039783	0.013766	0.999114
11096.000000	108.427818	759.041636	317.685091	-0.836710	-0.546285	0.038580	0.546407	-0.837479	-0.008244	0.036814	0.014183	0.999221
11100.000000	108.320182	759.022364	318.062909	-0.809137	-0.586518	0.035972	0.586644	-0.809805	-0.008037	0.033844	0.014600	0.999320
11104.000000	108.212545	759.003091	318.440727	-0.779624	-0.625353	0.033481	0.625487	-0.780198	-0.007600	0.030874	0.015017	0.999410
11108.000000	108.104909	758.983818	318.818545	-0.748240	-0.662698	0.031122	0.662841	-0.748728	-0.006944	0.027904	0.015434	0.999491
11112.000000	107.997273	758.964545	319.196364	-0.715062	-0.698463	0.028912	0.698616	-0.715471	-0.006081	0.024933	0.015850	0.999563
11116.000000	107.889636	758.945273	319.574182	-0.680170	-0.732562	0.026865	0.732726	-0.680506	-0.005025	0.021963	0.016267	0.999626
11120.000000	107.782000	758.926000	319.952000	-0.643646	-0.764915	0.024994	0.765088	-0.643915	-0.003789	0.018992	0.016684	0.999680
11124.000000	107.674364	758.906727	320.329818	-0.605579	-0.795444	0.023311	0.795624	-0.605786	-0.002388	0.016021	0.017100	0.999725
11128.000000	107.566727	758.887455	320.707636	-0.566060	-0.824075	0.021827	0.824260	-0.566210	-0.000838	0.013049	0.017517	0.999761
11132.000000	107.459091	758.868182	321.085455	-0.525185	-0.850740	0.020554	0.850928	-0.525281	0.000844	0.010078	0.017933	0.999788
11136.000000	107.351455	758.848909	321.463273	-0.483052	-0.875375	0.019499	0.875563	-0.483097	0.002643	0.007107	0.018349	0.999806
11140.000000	107.243818	758.829636	321.841091	-0.439761	-0.897921	0.018672	0.898105	-0.439757	0.004539	0.004135	0.018765	0.999815
11144.000000	107.136182	758.810364	322.218909	-0.395418	-0.918323	0.018078	0.918500	-0.395366	0.006516	0.001164	0.019181	0.999815
11148.000000	107.028545	758.791091	322.596727	-0.350130	-0.936534	0.017724	0.936700	-0.350030	0.008554	-0.001808	0.019597	0.999806
11152.000000	106.920909	758.771818	322.974545	-0.304004	-0.952508	0.017613	0.952659	-0.303856	0.010636	-0.004779	0.020012	0.999788
11156.000000	106.813273	758.752545	323.352364	-0.257153	-0.966208	0.017749	0.966340	-0.256954	0.012742	-0.007751	0.020428	0.999761
11160.000000	106.705636	758.733273	323.730182	-0.209689	-0.977600	0.018133	0.977709	-0.209437	0.014852	-0.010722	0.020843	0.999725
11164.000000	106.598000	758.714000	324.108000	-0.161727	-0.986657	0.018765	0.986740	-0.161419	0.016949	-0.013693	0.021258	0.999680
11168.000000	106.490364	758.694727	324.485818	-0.113382	-0.993357	0.019646	0.993412	-0.113013	0.019011	-0.016665	0.021672	0.999626
11172.000000	106.382727	758.675455	324.863636	-0.064771	-0.997684	0.020773	0.997707	-0.064335	0.021021	-0.019636	0.022087	0.999563
11176.000000	106.275091	758.656182	325.241455	-0.016011	-0.999627	0.022142	0.999616	-0.015502	0.022958	-0.022607	0.022501	0.999491
11180.000000	106.167455	758.636909	325.619273	0.032781	-0.999180	0.023749	0.999135	0.033369	0.024805	-0.025577	0.022915	0.999410
11184.000000	106.059818	758.617636	325.997091	0.081488	-0.996346	0.025587	0.996265	0.082163	0.026542	-0.028548	0.023329	0.999320
11188.000000	105.952182	758.598364	326.374909	0.129991	-0.991130	0.027650	0.991014	0.130761	0.028152	-0.031518	0.023742	0.999221
11192.000000	105.844545	758.579091	326.752727	0.178174	-0.983544	0.029929	0.983394	0.179048	0.029616	-0.034488	0.024155	0.999113
11196.000000	105.736909	758.559818	327.130545	0.225922	-0.973606	0.032414	0.973425	0.226909	0.030918	-0.037457	0.024568	0.998996
11200.000000	105.629273	758.540545	327.508364	0.273118	-0.961340	0.035096	0.961131	0.274228	0.032041	-0.040427	0.024980	0.998870
11204.000000	105.521636	758.521273	327.886182	0.319651	-0.946775	0.037960	0.946541	0.320894	0.032969	-0.043396	0.025393	0.998735
11208.000000	105.414000	758.502000	328.264000	0.365407	-0.929945	0.040996	0.929693	0.366793	0.033687	-0.046364	0.025804	0.998591
11212.000000	105.306364	758.482727	328.641818	0.410277	-0.910890	0.044189	0.910626	0.411816	0.034180	-0.049332	0.026216	0.998438
11216.000000	105.198727	758.463455	329.019636	0.454152	-0.889656	0.047523	0.889388	0.455855	0.034436	-0.052300	0.026627	0.998276
11220.000000	105.091091	758.444182	329.397455	0.496929	-0.866292	0.050983	0.866030	0.498805	0.034442	-0.055267	0.027038	0.998105
11224.000000	104.983455	758.424909	329.775273	0.538503	-0.840856	0.054552	0.840609	0.540563	0.034185	-0.058234	0.027448	0.997926
11228.000000	104.875818	758.405636	330.153091	0.578775	-0.813407	0.058213	0.813187	0.581028	0.033657	-0.061200	0.027858	0.997737
11232.000000	104.768182	758.386364	330.530909	0.617649	-0.784010	0.061946	0.783832	0.620104	0.032847	-0.064166	0.028268	0.997539
11236.000000	104.660545	758.367091	330.908727	0.655032	-0.752736	0.065734	0.752613	0.657697	0.031748	-0.067131	0.028677	0.997332
11240.000000	104.552909	758.347818	331.286545	0.690834	-0.719660	0.069556	0.719608	0.693717	0.030352	-0.070095	0.029085	0.997116
11244.000000	104.445273	758.328545	331.664364	0.724969	-0.684860	0.073393	0.684896	0.728077	0.028653	-0.073059	0.029494	0.996891
11248.000000	104.337636	758.309273	332.042182	0.757356	-0.648420	0.077223	0.648562	0.760695	0.026648	-0.076023	0.029902	0.996658
11252.000000	104.230000	758.290000	332.420000	0.787918	-0.610426	0.081026	0.610694	0.791493	0.024334	-0.078985	0.030309	0.996415
11256.000000	104.537077	758.518031	332.649738	0.910225	-0.407896	0.071496	0.408660	0.912677	0.004266	-0.066993	0.025335	0.997432
11260.000000	104.844154	758.746062	332.879477	0.981516	-0.182445	0.057786	0.183307	0.983005	-0.009939	-0.054991	0.020348	0.998279
11264.000000	105.151231	758.974092	333.109215	0.997687	0.053359	0.042106	-0.052657	0.998457	-0.017610	-0.042981	0.015352	0.998958
11268.000000	105.458308	759.202123	333.338954	0.957758	0.286332	0.026708	-0.285903	0.958075	-0.018777	-0.030965	0.010347	0.999467
11272.000000	105.765385	759.430154	333.568692	0.863936	0.503415	0.013682	-0.503244	0.864028	-0.014148	-0.018944	0.005338	0.999806
11276.000000	106.072462	759.658185	333.798431	0.721493	0.692406	0.004769	-0.692387	0.721508	-0.005026	-0.006921	0.000325	0.999976
11280.000000	106.379538	759.886215	334.028169	0.538462	0.842649	0.001203	-0.842635	0.538443	0.006826	0.005104	-0.004689	0.999976
11284.000000	106.686615	760.114246	334.257908	0.325184	0.945644	0.003606	-0.945496	0.325059	0.019351	0.017127	-0.009702	0.999806
11288.000000	106.993692	760.342277	334.487646	0.093717	0.995527	0.011920	-0.995172	0.093320	0.030397	0.029149	-0.014711	0.999467
11292.000000	107.300769	760.570308	334.717385	-0.142854	0.989417	0.025412	-0.988887	-0.143751	0.037914	0.041165	-0.019713	0.998958
11296.000000	107.607846	760.798338	334.947123	-0.371164	0.927584	0.042729	-0.927043	-0.372798	0.040155	0.053176	-0.024708	0.998279
11300.000000	107.914923	761.026369	335.176862	-0.578329	0.813444	0.062007	-0.813196	-0.580885	0.035848	0.065180	-0.029692	0.997432
11304.000000	108.222000	761.254400	335.406600	-0.752682	0.653380	0.081026	-0.653846	-0.756237	0.024334	0.077174	-0.034663	0.996415
11308.000000	108.201614	761.224674	335.670870	-0.750228	0.656200	0.080993	-0.656678	-0.753778	0.024326	0.077014	-0.034936	0.996418
11312.000000	108.181228	761.194947	335.935140	-0.747764	0.659010	0.080962	-0.659502	-0.751309	0.024319	0.076854	-0.035210	0.996420
11316.000000	108.160842	761.165221	336.199411	-0.745289	0.661812	0.080932	-0.662316	-0.748830	0.024312	0.076694	-0.035483	0.996423
11320.000000	108.140456	761.135495	336.463681	-0.742803	0.664604	0.080903	-0.665121	-0.746340	0.024305	0.076534	-0.035757	0.996426
11324.000000	108.120070	761.105768	336.727951	-0.740307	0.667387	0.080875	-0.667917	-0.743839	0.024298	0.076374	-0.036030	0.996428
11328.000000	108.099684	761.076042	336.992221	-0.737800	0.670160	0.080849	-0.670703	-0.741328	0.024291	0.076214	-0.036304	0.996430
11332.000000	108.079298	761.046316	337.256491	-0.735283	0.672924	0.080823	-0.673480	-0.738807	0.024284	0.076054	-0.036577	0.996433
11336.000000	108.058912	761.016589	337.520761	-0.732755	0.675679	0.080799	-0.676247	-0.736275	0.024278	0.075895	-0.036851	0.996435
11340.000000	108.038526	760.986863	337.785032	-0.730217	0.678424	0.080776	-0.679005	-0.733732	0.024272	0.075735	-0.037124	0.996437
11344.000000	108.018140	760.957137	338.049302	-0.727668	0.681159	0.080755	-0.681753	-0.731180	0.024266	0.075575	-0.037397	0.996439
11348.000000	107.997754	760.927411	338.313572	-0.725109	0.683885	0.080734	-0.684492	-0.728617	0.024260	0.075415	-0.037671	0.996440
11352.000000	107.977368	760.897684	338.577842	-0.722540	0.686601	0.080715	-0.687221	-0.726043	0.024254	0.075255	-0.037944	0.996442
11356.000000	107.956982	760.867958	338.842112	-0.719960	0.689308	0.080696	-0.689940	-0.723460	0.024248	0.075095	-0.038218	0.996444
11360.000000	107.936596	760.838232	339.106382	-0.717371	0.692005	0.080679	-0.692650	-0.720866	0.024243	0.074935	-0.038491	0.996445
11364.000000	107.916211	760.808505	339.370653	-0.714770	0.694692	0.080664	-0.695350	-0.718262	0.024238	0.074775	-0.038765	0.996447
11368.000000	107.895825	760.778779	339.634923	-0.712160	0.697369	0.080649	-0.698040	-0.715648	0.024233	0.074615	-0.039038	0.996448
11372.000000	107.875439	760.749053	339.899193	-0.709540	0.700037	0.080635	-0.700721	-0.713024	0.024228	0.074456	-0.039312	0.996449
11376.000000	107.855053	760.719326	340.163463	-0.706909	0.702694	0.080623	-0.703391	-0.710390	0.024224	0.074296	-0.039585	0.996450
11380.000000	107.834667	760.689600	340.427733	-0.704269	0.705342	0.080612	-0.706052	-0.707746	0.024220	0.074136	-0.039859	0.996451
11384.000000	107.814281	760.659874	340.692004	-0.701618	0.707980	0.080602	-0.708703	-0.705092	0.024216	0.073976	-0.040132	0.996452
11388.000000	107.793895	760.630147	340.956274	-0.698958	0.710607	0.080593	-0.711343	-0.702428	0.024212	0.073816	-0.040406	0.996453
11392.000000	107.773509	760.600421	341.220544	-0.696287	0.713225	0.080585	-0.713974	-0.699754	0.024209	0.073656	-0.040679	0.996454
11396.000000	107.753123	760.570695	341.484814	-0.693607	0.715833	0.080579	-0.716595	-0.697070	0.024206	0.073496	-0.040953	0.996454
11400.000000	107.732737	760.540968	341.749084	-0.690916	0.718431	0.080573	-0.719205	-0.694376	0.024203	0.073336	-0.041226	0.996455
11404.000000	107.712351	760.511242	342.013354	-0.688216	0.721018	0.080569	-0.721806	-0.691672	0.024200	0.073176	-0.041500	0.996455
11408.000000	107.691965	760.481516	342.277625	-0.685506	0.723595	0.080566	-0.724396	-0.688959	0.024198	0.073016	-0.041774	0.996456
11412.000000	107.671579	760.451789	342.541895	-0.682787	0.726163	0.080564	-0.726976	-0.686236	0.024196	0.072856	-0.042047	0.996456
11416.000000	107.651193	760.422063	342.806165	-0.680057	0.728719	0.080563	-0.729546	-0.683503	0.024195	0.072696	-0.042321	0.996456
11420.000000	107.630807	760.392337	343.070435	-0.677318	0.731266	0.080563	-0.732106	-0.680761	0.024194	0.072537	-0.042594	0.996456
11424.000000	107.610421	760.362611	343.334705	-0.674569	0.733802	0.080565	-0.734655	-0.678009	0.024193	0.072377	-0.042868	0.996456
11428.000000	107.590035	760.332884	343.598975	-0.671811	0.736328	0.080568	-0.737194	-0.675248	0.024192	0.072217	-0.043141	0.996456
11432.000000	107.569649	760.303158	343.863246	-0.669043	0.738844	0.080571	-0.739723	-0.672477	0.024192	0.072057	-0.043415	0.996455
11436.000000	107.549263	760.273432	344.127516	-0.666265	0.741349	0.080576	-0.742241	-0.669696	0.024193	0.071897	-0.043688	0.996455
11440.000000	107.528877	760.243705	344.391786	-0.663478	0.743844	0.080582	-0.744749	-0.666906	0.024193	0.071737	-0.043962	0.996454
11444.000000	107.508491	760.213979	344.656056	-0.660682	0.746328	0.080589	-0.747246	-0.664107	0.024194	0.071577	-0.044235	0.996454
11448.000000	107.488105	760.184253	344.920326	-0.657876	0.748801	0.080598	-0.749733	-0.661298	0.024196	0.071417	-0.044509	0.996453
11452.000000	107.467719	760.154526	345.184596	-0.655060	0.751264	0.080607	-0.752209	-0.658480	0.024198	0.071257	-0.044782	0.996452
11456.000000	107.447333	760.124800	345.448867	-0.652236	0.753717	0.080618	-0.754675	-0.655653	0.024200	0.071097	-0.045056	0.996451
11460.000000	107.426947	760.095074	345.713137	-0.649402	0.756159	0.080629	-0.757129	-0.652816	0.024203	0.070937	-0.045329	0.996450
11464.000000	107.406561	760.065347	345.977407	-0.646559	0.758590	0.080642	-0.759574	-0.649971	0.024206	0.070777	-0.045603	0.996449
11468.000000	107.386175	760.035621	346.241677	-0.643706	0.761010	0.080656	-0.762007	-0.647116	0.024209	0.070617	-0.045877	0.996448
11472.000000	107.365789	760.005895	346.505947	-0.640845	0.763420	0.080671	-0.764430	-0.644251	0.024213	0.070457	-0.046150	0.996447
11476.000000	107.345404	759.976168	346.770218	-0.637974	0.765819	0.080687	-0.766842	-0.641378	0.024218	0.070297	-0.046424	0.996445
11480.000000	107.325018	759.946442	347.034488	-0.635094	0.768207	0.080704	-0.769244	-0.638496	0.024223	0.070137	-0.046697	0.996444
11484.000000	107.304632	759.916716	347.298758	-0.632205	0.770584	0.080722	-0.771634	-0.635605	0.024228	0.069977	-0.046971	0.996442
11488.000000	107.284246	759.886989	347.563028	-0.629308	0.772951	0.080742	-0.774014	-0.632705	0.024234	0.069817	-0.047244	0.996440
11492.000000	107.263860	759.857263	347.827298	-0.626401	0.775306	0.080762	-0.776383	-0.629796	0.024241	0.069658	-0.047518	0.996439
11496.000000	107.243474	759.827537	348.091568	-0.623485	0.777651	0.080784	-0.778740	-0.626878	0.024248	0.069498	-0.047791	0.996437
11500.000000	107.223088	759.797811	348.355839	-0.620560	0.779984	0.080806	-0.781087	-0.623951	0.024255	0.069338	-0.048065	0.996435
11504.000000	107.202702	759.768084	348.620109	-0.617627	0.782307	0.080830	-0.783423	-0.621015	0.024263	0.069178	-0.048339	0.996433
11508.000000	107.182316	759.738358	348.884379	-0.614684	0.784618	0.080855	-0.785748	-0.618071	0.024271	0.069018	-0.048612	0.996430
11512.000000	107.161930	759.708632	349.148649	-0.611733	0.786918	0.080881	-0.788061	-0.615118	0.024280	0.068858	-0.048886	0.996428
11516.000000	107.141544	759.678905	349.412919	-0.608774	0.789208	0.080907	-0.790364	-0.612156	0.024290	0.068698	-0.049159	0.996426
11520.000000	107.121158	759.649179	349.677189	-0.605805	0.791486	0.080935	-0.792655	-0.609185	0.024300	0.068538	-0.049433	0.996423
11524.000000	107.100772	759.619453	349.941460	-0.602828	0.793753	0.080964	-0.794936	-0.606206	0.024311	0.068378	-0.049706	0.996420
11528.000000	107.080386	759.589726	350.205730	-0.599842	0.796008	0.080995	-0.797205	-0.603219	0.024322	0.068218	-0.049980	0.996418
11532.000000	107.060000	759.560000	350.470000	-0.596848	0.798253	0.081026	-0.799463	-0.600223	0.024334	0.068058	-0.050254	0.996415
11536.000000	106.824000	759.199000	351.033000	-0.495924	0.865067	0.075625	-0.866365	-0.498809	0.024494	0.058911	-0.053371	0.996835
11540.000000	106.588000	758.838000	351.596000	-0.387544	0.919082	0.071403	-0.920507	-0.389997	0.023842	0.049760	-0.056488	0.997163
11544.000000	106.352000	758.477000	352.159000	-0.273325	0.959482	0.068463	-0.961064	-0.275393	0.022668	0.040604	-0.059601	0.997396
11548.000000	106.116000	758.116000	352.722000	-0.154974	0.985654	0.066850	-0.987418	-0.156694	0.021275	0.031445	-0.062712	0.997536
11552.000000	105.880000	757.755000	353.285000	-0.034258	0.997194	0.066558	-0.999165	-0.035659	0.019965	0.022283	-0.065818	0.997583
11556.000000	105.644000	757.394000	353.848000	0.087013	0.993916	0.067525	-0.996121	0.085913	0.019036	0.013119	-0.068919	0.997536
11560.000000	105.408000	757.033000	354.411000	0.207026	0.975854	0.069639	-0.978327	0.206211	0.018768	0.003954	-0.072015	0.997396
11564.000000	105.172000	756.672000	354.974000	0.323982	0.943263	0.072738	-0.946049	0.323442	0.019417	-0.005211	-0.075104	0.997162
11568.000000	104.936000	756.311000	355.537000	0.436131	0.896616	0.076615	-0.899768	0.435852	0.021210	-0.014376	-0.078186	0.996835
11572.000000	104.700000	755.950000	356.100000	0.541795	0.836596	0.081026	-0.840181	0.541760	0.024334	-0.023539	-0.081260	0.996415
11576.000000	104.844667	755.784000	356.482667	0.457344	0.885951	0.076992	-0.889132	0.457176	0.020836	-0.016739	-0.077985	0.996814
11580.000000	104.989333	755.618000	356.865333	0.368493	0.926752	0.073103	-0.929577	0.368172	0.018317	-0.009939	-0.074704	0.997156
11584.000000	105.134000	755.452000	357.248000	0.276101	0.958612	0.069508	-0.961124	0.275613	0.016711	-0.003138	-0.071419	0.997441
11588.000000	105.278667	755.286000	357.630667	0.181060	0.981232	0.066343	-0.983465	0.180395	0.015929	0.003663	-0.068130	0.997670
11592.000000	105.423333	755.120000	358.013333	0.084289	0.994401	0.063730	-0.996386	0.083441	0.015870	0.010463	-0.064837	0.997841
11596.000000	105.568000	754.954000	358.396000	-0.013275	0.998002	0.061773	-0.999763	-0.014314	0.016412	0.017264	-0.061541	0.997955
11600.000000	105.712667	754.788000	358.778667	-0.110688	0.992008	0.060560	-0.993564	-0.111926	0.017424	0.024063	-0.058242	0.998012
11604.000000	105.857333	754.622000	359.161333	-0.207010	0.976488	0.060157	-0.977852	-0.208456	0.018763	0.030862	-0.054940	0.998013
11608.000000	106.002000	754.456000	359.544000	-0.301310	0.951598	0.060609	-0.952782	-0.302976	0.020277	0.037659	-0.051637	0.997956
11612.000000	106.146667	754.290000	359.926667	-0.392675	0.917589	0.061940	-0.918602	-0.394581	0.021811	0.044454	-0.048333	0.997842
11616.000000	106.291333	754.124000	360.309333	-0.480225	0.874796	0.064150	-0.875647	-0.482394	0.023207	0.051247	-0.045028	0.997670
11620.000000	106.436000	753.958000	360.692000	-0.563116	0.823639	0.067218	-0.824337	-0.565577	0.024307	0.058038	-0.041723	0.997442
11624.000000	106.580667	753.792000	361.074667	-0.640550	0.764617	0.071101	-0.765175	-0.643338	0.024959	0.064826	-0.038418	0.997157
11628.000000	106.725333	753.626000	361.457333	-0.711783	0.698305	0.075732	-0.698739	-0.714939	0.025013	0.071611	-0.035113	0.996814
11632.000000	106.870000	753.460000	361.840000	-0.776132	0.625343	0.081026	-0.625679	-0.779701	0.024334	0.078393	-0.031810	0.996415
11636.000000	106.396400	753.070400	362.079200	-0.638037	0.767155	0.066195	-0.767231	-0.640675	0.029849	0.065309	-0.031742	0.997360
11640.000000	105.922800	752.680800	362.318400	-0.474492	0.878681	0.052699	-0.878710	-0.476358	0.030853	0.052213	-0.031668	0.998134
11644.000000	105.449200	752.291200	362.557600	-0.291976	0.955518	0.041655	-0.955626	-0.293236	0.028146	0.039109	-0.031589	0.998736
11648.000000	104.975600	751.901600	362.796800	-0.097740	0.994634	0.033904	-0.994872	-0.098540	0.022780	0.025998	-0.031504	0.999165
11652.000000	104.502000	751.512000	363.036000	0.100489	0.994487	0.029963	-0.994855	0.100045	0.015969	0.012883	-0.031413	0.999423
11656.000000	104.028400	751.122400	363.275200	0.294816	0.955083	0.029995	-0.955554	0.294679	0.009009	-0.000235	-0.031318	0.999509
11660.000000	103.554800	750.732800	363.514400	0.477504	0.877979	0.033803	-0.878528	0.477680	0.003183	-0.013352	-0.031216	0.999423
11664.000000	103.081200	750.343200	363.753600	0.641279	0.766220	0.040844	-0.766851	0.641825	-0.000330	-0.026468	-0.031110	0.999165
11668.000000	102.607600	749.953600	363.992800	0.779631	0.624218	0.050270	-0.624987	0.780635	-0.000538	-0.039578	-0.030998	0.998736
11672.000000	102.134000	749.564000	364.232000	0.887076	0.457579	0.060977	-0.458608	0.888632	0.003288	-0.052682	-0.030881	0.998134
11676.000000	101.660400	749.174400	364.471200	0.959373	0.272881	0.071688	-0.274366	0.961556	0.011560	-0.065777	-0.030759	0.997360
11680.000000	101.186800	748.784800	364.710400	0.993701	0.077415	0.081026	-0.079619	0.996528	0.024334	-0.078861	-0.030632	0.996415
11684.000000	101.534480	748.751836	364.516662	0.986766	0.141609	0.078989	-0.143821	0.989336	0.023026	-0.074886	-0.034082	0.996610
11688.000000	101.882160	748.718871	364.322924	0.975671	0.205221	0.077136	-0.207455	0.977996	0.022068	-0.070910	-0.037533	0.996776
11692.000000	102.229840	748.685907	364.129187	0.960460	0.267984	0.075502	-0.270252	0.962551	0.021428	-0.066932	-0.040985	0.996915
11696.000000	102.577520	748.652942	363.935449	0.941196	0.329630	0.074121	-0.331944	0.943064	0.021073	-0.062954	-0.044438	0.997027
11700.000000	102.925200	748.619978	363.741711	0.917958	0.389898	0.073020	-0.392269	0.919612	0.020968	-0.058975	-0.047891	0.997110
11704.000000	103.272880	748.587013	363.547973	0.890843	0.448533	0.072226	-0.450970	0.892290	0.021074	-0.054994	-0.051345	0.997166
11708.000000	103.620560	748.554049	363.354236	0.859964	0.505284	0.071760	-0.507798	0.861212	0.021349	-0.051013	-0.054799	0.997193
11712.000000	103.968240	748.521084	363.160498	0.825451	0.559909	0.071639	-0.562510	0.826504	0.021751	-0.047031	-0.058252	0.997193
11716.000000	104.315920	748.488120	362.966760	0.787449	0.612174	0.071877	-0.614874	0.788312	0.022237	-0.043049	-0.061706	0.997166
11720.000000	104.663600	748.455156	362.773022	0.746118	0.661857	0.072482	-0.664667	0.746793	0.022760	-0.039065	-0.065158	0.997110
11724.000000	105.011280	748.422191	362.579284	0.701631	0.708743	0.073460	-0.711676	0.702122	0.023276	-0.035081	-0.068610	0.997027
11728.000000	105.358960	748.389227	362.385547	0.654178	0.752632	0.074809	-0.755701	0.654486	0.023737	-0.031097	-0.072062	0.996915
11732.000000	105.706640	748.356262	362.191809	0.603958	0.793334	0.076527	-0.796555	0.604085	0.024097	-0.027112	-0.075511	0.996776
11736.000000	106.054320	748.323298	361.998071	0.551183	0.830673	0.078603	-0.834064	0.551132	0.024311	-0.023126	-0.078960	0.996609
11740.000000	106.402000	748.290333	361.804333	0.496078	0.864489	0.081026	-0.868067	0.495851	0.024334	-0.019141	-0.082407	0.996415
11744.000000	106.536679	748.046580	361.750491	0.470929	0.878486	0.080550	-0.882013	0.470608	0.024118	-0.016721	-0.082404	0.996459
11748.000000	106.671357	747.802827	361.696649	0.445385	0.891746	0.080131	-0.895225	0.444971	0.023948	-0.014301	-0.082401	0.996497
11752.000000	106.806036	747.559074	361.642807	0.419468	0.904258	0.079769	-0.907692	0.418960	0.023820	-0.011880	-0.082397	0.996529
11756.000000	106.940714	747.315321	361.588964	0.393201	0.916012	0.079466	-0.919404	0.392598	0.023731	-0.009460	-0.082393	0.996555
11760.000000	107.075393	747.071568	361.535122	0.366604	0.926998	0.079226	-0.930350	0.365906	0.023678	-0.007040	-0.082388	0.996575
11764.000000	107.210071	746.827815	361.481280	0.339701	0.937206	0.079048	-0.940522	0.338908	0.023656	-0.004620	-0.082383	0.996590
11768.000000	107.344750	746.584063	361.427438	0.312515	0.946628	0.078936	-0.949910	0.311625	0.023662	-0.002199	-0.082377	0.996599
11772.000000	107.479429	746.340310	361.373595	0.285068	0.955255	0.078890	-0.958507	0.284082	0.023692	0.000221	-0.082371	0.996602
11776.000000	107.614107	746.096557	361.319753	0.257383	0.963082	0.078912	-0.966306	0.256299	0.023743	0.002641	-0.082364	0.996599
11780.000000	107.748786	745.852804	361.265911	0.229484	0.970101	0.079002	-0.973299	0.228302	0.023810	0.005061	-0.082357	0.996590
11784.000000	107.883464	745.609051	361.212068	0.201395	0.976306	0.079162	-0.979481	0.200113	0.023889	0.007482	-0.082349	0.996575
11788.000000	108.018143	745.365298	361.158226	0.173139	0.981692	0.079392	-0.984848	0.171757	0.023977	0.009902	-0.082341	0.996555
11792.000000	108.152821	745.121545	361.104384	0.144741	0.986255	0.079694	-0.989393	0.143256	0.024070	0.012322	-0.082332	0.996529
11796.000000	108.287500	744.877792	361.050542	0.116223	0.989991	0.080066	-0.993114	0.114635	0.024163	0.014742	-0.082323	0.996497
11800.000000	108.422179	744.634039	360.996699	0.087611	0.992896	0.080510	-0.996007	0.085919	0.024252	0.017162	-0.082313	0.996459
11804.000000	108.556857	744.390286	360.942857	0.058927	0.994969	0.081026	-0.998070	0.057130	0.024334	0.019582	-0.082303	0.996415
11808.000000	108.570571	744.130857	360.928571	0.003339	0.996845	0.079306	-0.999729	0.001500	0.023227	0.023035	-0.079363	0.996580
11812.000000	108.584286	743.871429	360.914286	-0.052252	0.995605	0.077723	-0.998283	-0.054139	0.022378	0.026488	-0.076421	0.996724
11816.000000	108.598000	743.612000	360.900000	-0.107670	0.991255	0.076299	-0.993736	-0.109615	0.021767	0.029940	-0.073478	0.996847
11820.000000	108.611714	743.352571	360.885714	-0.162742	0.983810	0.075055	-0.986103	-0.164752	0.021373	0.033392	-0.070534	0.996950
11824.000000	108.625429	743.093143	360.871429	-0.217296	0.973296	0.074010	-0.975410	-0.219378	0.021173	0.036844	-0.067589	0.997033
11828.000000	108.639143	742.833714	360.857143	-0.271161	0.959748	0.073181	-0.961690	-0.273322	0.021144	0.040295	-0.064644	0.997095
11832.000000	108.652857	742.574286	360.842857	-0.324169	0.943211	0.072583	-0.944987	-0.326416	0.021260	0.043745	-0.061698	0.997136
11836.000000	108.666571	742.314857	360.828571	-0.376154	0.923737	0.072230	-0.925354	-0.378493	0.021496	0.047195	-0.058752	0.997156
11840.000000	108.680286	742.055429	360.814286	-0.426954	0.901392	0.072131	-0.902854	-0.429393	0.021825	0.050645	-0.055806	0.997156
11844.000000	108.694000	741.796000	360.800000	-0.476410	0.876246	0.072296	-0.877557	-0.478957	0.022217	0.054094	-0.052859	0.997136
11848.000000	108.707714	741.536571	360.785714	-0.524368	0.848380	0.072730	-0.849545	-0.527030	0.022645	0.057542	-0.049913	0.997095
11852.000000	108.721429	741.277143	360.771429	-0.570679	0.817883	0.073436	-0.818905	-0.573465	0.023080	0.060990	-0.046966	0.997033
11856.000000	108.735143	741.017714	360.757143	-0.615198	0.784853	0.074418	-0.785735	-0.618117	0.023492	0.064437	-0.044020	0.996950
11860.000000	108.748857	740.758286	360.742857	-0.657786	0.749394	0.075672	-0.750140	-0.660849	0.023853	0.067883	-0.041074	0.996847
11864.000000	108.762571	740.498857	360.728571	-0.698311	0.711620	0.077196	-0.712232	-0.701530	0.024132	0.071328	-0.038129	0.996724
11868.000000	108.776286	740.239429	360.714286	-0.736648	0.671648	0.078983	-0.672130	-0.740034	0.024302	0.074773	-0.035185	0.996580
11872.000000	108.790000	739.980000	360.700000	-0.772677	0.629607	0.081026	-0.629962	-0.776245	0.024334	0.078216	-0.032241	0.996415
11876.000000	107.964500	739.298833	360.979500	-0.113455	0.992887	0.036114	-0.993189	-0.114310	0.022554	0.026522	-0.033309	0.999093
11880.000000	107.139000	738.617667	361.259000	0.612381	0.789416	0.042566	-0.790160	0.612900	0.001071	-0.025243	-0.034290	0.999093
11884.000000	106.313500	737.936500	361.538500	0.987499	0.135208	0.081026	-0.137573	0.990193	0.024334	-0.076941	-0.035176	0.996415
11888.000000	106.620500	737.889500	361.395500	0.947140	0.312385	0.073093	-0.314391	0.949132	0.017487	-0.063912	-0.039542	0.997172
11892.000000	106.927500	737.842500	361.252500	0.875216	0.479248	0.065715	-0.481050	0.876581	0.014048	-0.050872	-0.043907	0.997740
11896.000000	107.234500	737.795500	361.109500	0.774096	0.630236	0.059813	-0.631937	0.774902	0.013528	-0.037824	-0.048270	0.998118
11900.000000	107.541500	737.748500	360.966500	0.647144	0.760298	0.056137	-0.761965	0.647439	0.015226	-0.024769	-0.052628	0.998307
11904.000000	107.848500	737.701500	360.823500	0.498601	0.865071	0.055223	-0.866753	0.498403	0.018279	-0.011710	-0.056979	0.998307
11908.000000	108.155500	737.654500	360.680500	0.333443	0.941024	0.057361	-0.942769	0.332737	0.021718	0.001351	-0.061320	0.998117
11912.000000	108.462500	737.607500	360.537500	0.157212	0.985580	0.062578	-0.987460	0.155954	0.024525	0.014412	-0.065649	0.997739
11916.000000	108.769500	737.560500	360.394500	-0.024175	0.997209	0.070633	-0.999330	-0.026047	0.025702	0.027470	-0.069965	0.997171
11920.000000	109.076500	737.513500	360.251500	-0.204629	0.975480	0.081026	-0.978000	-0.207179	0.024334	0.040524	-0.074264	0.996415
11924.000000	109.015688	737.233062	360.235063	-0.246417	0.965813	0.080520	-0.968193	-0.249036	0.024132	0.043359	-0.072013	0.996461
11928.000000	108.954875	736.952625	360.218625	-0.287739	0.954349	0.080149	-0.956594	-0.290432	0.024012	0.046194	-0.069761	0.996494
11932.000000	108.894063	736.672188	360.202188	-0.328516	0.941111	0.079919	-0.943225	-0.331288	0.023964	0.049029	-0.067509	0.996513
11936.000000	108.833250	736.391750	360.185750	-0.368672	0.926125	0.079834	-0.928111	-0.371530	0.023973	0.051863	-0.065257	0.996520
11940.000000	108.772438	736.111312	360.169312	-0.408134	0.909419	0.079899	-0.911282	-0.411081	0.024028	0.054696	-0.063004	0.996513
11944.000000	108.711625	735.830875	360.152875	-0.446827	0.891026	0.080118	-0.892769	-0.449870	0.024115	0.057530	-0.060752	0.996494
11948.000000	108.650813	735.550438	360.136438	-0.484679	0.870980	0.080493	-0.872607	-0.487823	0.024221	0.060363	-0.058499	0.996461
11952.000000	108.590000	735.270000	360.120000	-0.521620	0.849322	0.081026	-0.850834	-0.524870	0.024334	0.063195	-0.056247	0.996415
11956.000000	108.329912	734.835735	360.245059	-0.408202	0.910071	0.071713	-0.911256	-0.410912	0.027648	0.054630	-0.054063	0.997042
11960.000000	108.069824	734.401471	360.370118	-0.287878	0.955594	0.062982	-0.956559	-0.290086	0.029082	0.046061	-0.051874	0.997591
11964.000000	107.809735	733.967206	360.495176	-0.162666	0.985139	0.055145	-0.985969	-0.164418	0.028850	0.037488	-0.049678	0.998061
11968.000000	107.549647	733.532941	360.620235	-0.034665	0.998223	0.048470	-0.998981	-0.036013	0.027216	0.028913	-0.047477	0.998454
11972.000000	107.289559	733.098676	360.745294	0.093977	0.994638	0.043171	-0.995367	0.092983	0.024481	0.020336	-0.045272	0.998768
11976.000000	107.029471	732.664412	360.870353	0.221099	0.974455	0.039401	-0.975181	0.220415	0.020977	0.011757	-0.043062	0.999003
11980.000000	106.769382	732.230147	360.995412	0.344566	0.938023	0.037253	-0.938757	0.344158	0.017055	0.003177	-0.040848	0.999160
11984.000000	106.509294	731.795882	361.120471	0.462305	0.885959	0.036751	-0.886705	0.462151	0.013073	-0.005403	-0.038631	0.999239
11988.000000	106.249206	731.361618	361.245529	0.572338	0.819144	0.037857	-0.819899	0.572431	0.009386	-0.013982	-0.036411	0.999239
11992.000000	105.989118	730.927353	361.370588	0.672818	0.738700	0.040468	-0.739464	0.673167	0.006337	-0.022561	-0.034188	0.999161
11996.000000	105.729029	730.493088	361.495647	0.762064	0.645977	0.044421	-0.646753	0.762688	0.004245	-0.031138	-0.031964	0.999004
12000.000000	105.468941	730.058824	361.620706	0.838580	0.542526	0.049497	-0.543330	0.839513	0.003393	-0.039712	-0.029739	0.998769
12004.000000	105.208853	729.624559	361.745765	0.901090	0.430076	0.055426	-0.430936	0.902373	0.004026	-0.048284	-0.027513	0.998455
12008.000000	104.948765	729.190294	361.870824	0.948555	0.310502	0.061899	-0.311466	0.950236	0.006332	-0.056852	-0.025286	0.998062
12012.000000	104.688676	728.756029	361.995882	0.980193	0.185796	0.068570	-0.186930	0.982318	0.010449	-0.065416	-0.023060	0.997592
12016.000000	104.428588	728.321765	362.120941	0.995488	0.058031	0.075072	-0.059424	0.998097	0.016447	-0.073975	-0.020834	0.997042
12020.000000	104.168500	727.887500	362.246000	0.994204	-0.070669	0.081026	0.068908	0.997326	0.024334	-0.082529	-0.018609	0.996415
12024.000000	104.768615	727.926154	362.038615	0.989115	0.128359	0.071944	-0.129407	0.991540	0.010087	-0.070040	-0.019287	0.997358
12028.000000	105.368731	727.964808	361.831231	0.944674	0.322307	0.060905	-0.322925	0.946425	0.000313	-0.057541	-0.019963	0.998144
12032.000000	105.968846	728.003462	361.623846	0.862600	0.503480	0.049296	-0.503879	0.863761	-0.004872	-0.045033	-0.020637	0.998772
12036.000000	106.568962	728.042115	361.416462	0.746133	0.664685	0.038455	-0.665002	0.746820	-0.005715	-0.032518	-0.021308	0.999244
12040.000000	107.169077	728.080769	361.209077	0.599909	0.799522	0.029581	-0.799819	0.600235	-0.002804	-0.019997	-0.021977	0.999558
12044.000000	107.769192	728.119423	361.001692	0.429764	0.902631	0.023656	-0.902910	0.429819	0.002985	-0.007474	-0.022642	0.999716
12048.000000	108.369308	728.158077	360.794308	0.242508	0.969914	0.021384	-0.970136	0.242331	0.010550	0.005051	-0.023304	0.999716
12052.000000	108.969423	728.196731	360.586923	0.045639	0.998690	0.023139	-0.998803	0.045212	0.018645	0.017575	-0.023962	0.999558
12056.000000	109.569538	728.235385	360.379538	-0.152957	0.987809	0.028942	-0.987774	-0.153713	0.025964	0.030096	-0.024617	0.999244
12060.000000	110.169654	728.274038	360.172154	-0.345327	0.937694	0.038455	-0.937514	-0.346542	0.031232	0.042612	-0.025266	0.998772
12064.000000	110.769769	728.312692	359.964769	-0.523776	0.850328	0.051000	-0.850071	-0.525614	0.033300	0.055122	-0.025912	0.998143
12068.000000	111.369885	728.351346	359.757385	-0.681177	0.729174	0.065597	-0.728989	-0.683813	0.031223	0.067623	-0.026552	0.997358
12072.000000	111.970000	728.390000	359.550000	-0.811263	0.579040	0.081026	-0.579167	-0.814846	0.024334	0.080114	-0.027186	0.996415
12076.000000	110.314000	727.186000	360.366000	0.431844	0.901840	0.013982	-0.901946	0.431829	0.004207	-0.002244	-0.014428	0.999893
12080.000000	108.658000	725.982000	361.182000	0.959495	-0.269822	0.081026	0.268727	0.962909	0.024334	-0.084586	-0.001574	0.996415
12084.000000	109.895333	726.328000	360.741333	0.851558	0.522849	0.038441	-0.523158	0.852233	-0.002317	-0.033972	-0.018137	0.999258
12088.000000	111.132667	726.674000	360.300667	0.194629	0.980393	0.030793	-0.980734	0.193970	0.023156	0.016730	-0.034706	0.999258
12092.000000	112.370000	727.020000	359.860000	-0.586252	0.806066	0.081026	-0.807321	-0.589611	0.024334	0.067388	-0.051148	0.996415
12096.000000	111.980000	726.468000	360.077000	-0.370272	0.926835	0.062253	-0.927455	-0.372622	0.031294	0.052202	-0.046149	0.997570
12100.000000	111.590000	725.916000	360.294000	-0.131149	0.990311	0.045655	-0.990672	-0.132637	0.031250	0.037003	-0.041131	0.998468
12104.000000	111.200000	725.364000	360.511000	0.116318	0.992653	0.033325	-0.992973	0.115489	0.025835	0.021796	-0.036096	0.999111
12108.000000	110.810000	724.812000	360.728000	0.356791	0.933804	0.026658	-0.934161	0.356435	0.017226	0.006584	-0.031049	0.999496
12112.000000	110.420000	724.260000	360.945000	0.575357	0.817482	0.026223	-0.817857	0.575367	0.007900	-0.008630	-0.025992	0.999625
12116.000000	110.030000	723.708000	361.162000	0.758471	0.650934	0.031724	-0.651271	0.758846	0.000356	-0.023841	-0.020931	0.999497
12120.000000	109.640000	723.156000	361.379000	0.894804	0.444477	0.042030	-0.444749	0.895650	-0.003158	-0.039048	-0.015867	0.999111
12124.000000	109.250000	722.604000	361.596000	0.975953	0.210851	0.055303	-0.211126	0.977458	-0.000892	-0.054245	-0.010806	0.998469
12128.000000	108.860000	722.052000	361.813000	0.996970	-0.035575	0.069182	0.035091	0.999350	0.008202	-0.069429	-0.005750	0.997570
12132.000000	108.470000	721.500000	362.030000	0.956665	-0.279690	0.081026	0.278630	0.960090	0.024334	-0.084598	-0.000703	0.996415
12136.000000	110.002333	721.946000	361.492667	0.824877	0.564312	0.033605	-0.564437	0.825450	-0.006559	-0.031441	-0.013558	0.999414
12140.000000	111.534667	722.392000	360.955333	0.087075	0.995902	0.024422	-0.995963	0.086491	0.024017	0.021806	-0.026415	0.999413
12144.000000	113.067000	722.838000	360.418000	-0.712757	0.696715	0.081026	-0.697391	-0.716278	0.024334	0.074990	-0.039163	0.996415
12148.000000	112.201000	721.974000	360.814000	-0.143907	0.988962	0.035289	-0.988967	-0.144991	0.030360	0.035141	-0.030531	0.998916
12152.000000	111.335000	721.110000	361.210000	0.485813	0.873801	0.021389	-0.874050	0.485793	0.006439	-0.004764	-0.021824	0.999750
