10932.000000	109.130000	757.730000	303.360000	-0.234273	-0.968788	-0.081026	-0.971230	0.236898	-0.024334	0.042769	0.072994	-0.996415
11032.000000	110.150000	759.350000	311.640000	0.976082	0.201740	-0.081026	0.200408	-0.979410	-0.024334	-0.084266	0.007513	-0.996415
11252.000000	104.230000	758.290000	332.420000	-0.787918	-0.610426	-0.081026	-0.610694	0.791493	-0.024334	0.078985	0.030309	-0.996415
11304.000000	108.222000	761.254400	335.406600	0.752682	0.653380	-0.081026	0.653846	-0.756237	-0.024334	-0.077174	-0.034663	-0.996415
11532.000000	107.060000	759.560000	350.470000	0.596848	0.798253	-0.081026	0.799463	-0.600223	-0.024334	-0.068058	-0.050254	-0.996415
11572.000000	104.700000	755.950000	356.100000	-0.541795	0.836596	-0.081026	0.840181	0.541760	-0.024334	0.023539	-0.081260	-0.996415
11632.000000	106.870000	753.460000	361.840000	0.776132	0.625343	-0.081026	0.625679	-0.779701	-0.024334	-0.078393	-0.031810	-0.996415
11680.000000	101.186800	748.784800	364.710400	-0.993701	0.077415	-0.081026	0.079619	0.996528	-0.024334	0.078861	-0.030632	-0.996415
11740.000000	106.402000	748.290333	361.804333	-0.496078	0.864489	-0.081026	0.868067	0.495851	-0.024334	0.019141	-0.082407	-0.996415
11804.000000	108.556857	744.390286	360.942857	-0.058927	0.994969	-0.081026	0.998070	0.057130	-0.024334	-0.019582	-0.082303	-0.996415
11872.000000	108.790000	739.980000	360.700000	0.772677	0.629607	-0.081026	0.629962	-0.776245	-0.024334	-0.078216	-0.032241	-0.996415
11884.000000	106.313500	737.936500	361.538500	-0.987499	0.135208	-0.081026	0.137573	0.990193	-0.024334	0.076941	-0.035176	-0.996415
11920.000000	109.076500	737.513500	360.251500	0.204629	0.975480	-0.081026	0.978000	-0.207179	-0.024334	-0.040524	-0.074264	-0.996415
11952.000000	108.590000	735.270000	360.120000	0.521620	0.849322	-0.081026	0.850834	-0.524870	-0.024334	-0.063195	-0.056247	-0.996415
12020.000000	104.168500	727.887500	362.246000	-0.994204	-0.070669	-0.081026	-0.068908	0.997326	-0.024334	0.082529	-0.018609	-0.996415
12072.000000	111.970000	728.390000	359.550000	0.811263	0.579040	-0.081026	0.579167	-0.814846	-0.024334	-0.080114	-0.027186	-0.996415
12080.000000	108.658000	725.982000	361.182000	-0.959495	-0.269822	-0.081026	-0.268727	0.962909	-0.024334	0.084586	-0.001574	-0.996415
12092.000000	112.370000	727.020000	359.860000	0.586252	0.806066	-0.081026	0.807321	-0.589611	-0.024334	-0.067388	-0.051148	-0.996415
12132.000000	108.470000	721.500000	362.030000	-0.956665	-0.279690	-0.081026	-0.278630	0.960090	-0.024334	0.084598	-0.000703	-0.996415
12144.000000	113.067000	722.838000	360.418000	0.712757	0.696715	-0.081026	0.697391	-0.716278	-0.024334	-0.074990	-0.039163	-0.996415
12160.000000	109.603000	719.382000	362.002000	-0.967842	-0.238152	-0.081026	-0.236945	0.971218	-0.024334	0.084489	-0.004352	-0.996415
12172.000000	114.190000	720.500000	360.490000	0.778026	0.622985	-0.081026	0.623310	-0.781597	-0.024334	-0.078489	-0.031572	-0.996415
12184.000000	109.672000	716.828000	362.244000	-0.950473	-0.300059	-0.081026	-0.299073	0.953920	-0.024334	0.084594	0.001104	-0.996415
12192.000000	114.600000	718.380000	360.620000	0.774291	0.627621	-0.081026	0.627967	-0.777859	-0.024334	-0.078299	-0.032040	-0.996415
12204.000000	110.036000	714.626000	362.356000	-0.946808	-0.311433	-0.081026	-0.310488	0.950266	-0.024334	0.084574	0.002118	-0.996415
12212.000000	114.980000	716.250000	360.700000	0.764196	0.639875	-0.081026	0.640277	-0.767758	-0.024334	-0.077779	-0.033283	-0.996415
12224.000000	110.512000	712.454000	362.366000	-0.994689	-0.063478	-0.081026	-0.061694	0.997798	-0.024334	0.082392	-0.019206	-0.996415
12232.000000	112.280000	712.550000	361.510000	0.245118	0.966101	-0.081026	0.968513	-0.247771	-0.024334	-0.043585	-0.072510	-0.996415
12300.000000	109.909714	702.767714	363.355714	-0.411583	0.907763	-0.081026	0.911303	0.411016	-0.024334	0.011214	-0.083854	-0.996415
12340.000000	111.742000	698.710000	363.302000	0.809249	0.581852	-0.081026	0.581991	-0.812831	-0.024334	-0.080019	-0.027464	-0.996415
12352.000000	105.140000	693.900000	365.790000	-0.976326	0.200555	-0.081026	0.203095	0.978857	-0.024334	0.074432	-0.040213	-0.996415
12364.000000	107.215200	693.445600	365.078800	0.059840	0.994914	-0.081026	0.997780	-0.061994	-0.024334	-0.029233	-0.079390	-0.996415
12412.000000	106.860000	686.860000	365.770000	-0.972466	-0.218505	-0.081026	-0.217231	0.975817	-0.024334	0.084383	-0.006062	-0.996415
12420.000000	110.932000	687.764000	364.514000	0.785148	0.613986	-0.081026	0.614269	-0.788721	-0.024334	-0.078847	-0.030666	-0.996415
12432.000000	105.690000	683.610000	366.400000	-0.963699	0.254401	-0.081026	0.257077	0.966085	-0.024334	0.072087	-0.044280	-0.996415
12472.000000	112.600000	681.690000	364.210000	-0.067633	0.994415	-0.081026	0.997532	0.065862	-0.024334	-0.018861	-0.082471	-0.996415
12520.000000	112.993600	675.939600	364.363600	-0.973023	0.216013	-0.081026	0.218592	0.975513	-0.024334	0.073785	-0.041389	-0.996415
12552.000000	118.000000	674.760000	362.690000	0.781435	0.618703	-0.081026	0.619008	-0.785008	-0.024334	-0.078661	-0.031140	-0.996415
12564.000000	112.626000	670.455000	364.441667	0.245024	0.966125	-0.081026	0.968537	-0.247676	-0.024334	-0.043577	-0.072514	-0.996415
12620.000000	110.554000	662.195000	365.048333	-0.989817	-0.117036	-0.081026	-0.115423	0.993018	-0.024334	0.083308	-0.014734	-0.996415
12640.000000	116.573000	662.872000	362.865000	0.758238	0.646923	-0.081026	0.647359	-0.761797	-0.024334	-0.077467	-0.034002	-0.996415
12652.000000	110.670000	657.750000	365.310000	-0.952116	0.294805	-0.081026	0.297579	0.954387	-0.024334	0.070156	-0.047280	-0.996415
12692.000000	116.720000	655.740000	362.460000	0.790810	0.606675	-0.081026	0.606925	-0.794386	-0.024334	-0.079128	-0.029933	-0.996415
12704.000000	109.795000	650.353500	365.057000	0.205954	0.975201	-0.081026	0.977718	-0.208508	-0.024334	-0.040625	-0.074209	-0.996415
12740.000000	108.625000	644.836500	365.183000	-0.013294	0.996623	-0.081026	0.999639	0.011356	-0.024334	-0.023331	-0.081320	-0.996415
12852.000000	108.780000	631.570000	365.230000	-0.942583	-0.323994	-0.081026	-0.323096	0.946053	-0.024334	0.084539	0.003243	-0.996415
12860.000000	114.340000	633.482000	362.934000	0.805652	0.586822	-0.081026	0.586984	-0.809233	-0.024334	-0.079848	-0.027956	-0.996415
12872.000000	108.660000	629.290000	365.050000	-0.960795	-0.265157	-0.081026	-0.264046	0.964203	-0.024334	0.084577	-0.001985	-0.996415
12884.000000	114.617000	630.923000	362.533000	0.732573	0.675849	-0.081026	0.676422	-0.736112	-0.024334	-0.076090	-0.036981	-0.996415
12904.000000	108.622667	625.296000	364.989333	0.104186	0.991252	-0.081026	0.994019	-0.106465	-0.024334	-0.032747	-0.078006	-0.996415
12960.000000	107.857333	618.184000	364.970667	-0.987958	-0.131810	-0.081026	-0.130245	0.991183	-0.024334	0.083519	-0.013487	-0.996415
12980.000000	113.572000	618.911000	362.549000	0.778029	0.622981	-0.081026	0.623306	-0.781599	-0.024334	-0.078489	-0.031572	-0.996415
12992.000000	109.170000	615.330000	364.340000	-0.307737	0.948015	-0.081026	0.951470	0.306779	-0.024334	0.001788	-0.084582	-0.996415
13032.000000	110.210000	612.050000	364.100000	0.447972	0.890369	-0.081026	0.892150	-0.451083	-0.024334	-0.058215	-0.061386	-0.996415
13084.000000	107.308000	606.193400	365.044200	-0.424177	0.901947	-0.081026	0.905495	0.423659	-0.024334	0.012380	-0.083690	-0.996415
13180.000000	110.092000	600.116600	364.285800	0.408203	0.909288	-0.081026	0.911206	-0.411232	-0.024334	-0.055447	-0.063898	-0.996415
13260.000000	106.718000	592.511750	365.215750	-0.881748	0.464710	-0.081026	0.467854	0.883471	-0.024334	0.060276	-0.059364	-0.996415
13284.000000	108.631200	591.478000	364.808000	0.259530	0.962330	-0.081026	0.964702	-0.262218	-0.024334	-0.044663	-0.071850	-0.996415
13400.000000	106.043429	581.699143	365.836571	-0.995407	0.050984	-0.081026	0.053113	0.998292	-0.024334	0.079647	-0.028525	-0.996415
13412.000000	108.160000	581.570000	365.100000	0.577408	0.812425	-0.081026	0.813716	-0.580753	-0.024334	-0.066825	-0.051881	-0.996415
13452.000000	105.070000	577.200000	365.630000	-0.521204	0.849577	-0.081026	0.853160	0.521081	-0.024334	0.021548	-0.081811	-0.996415
13524.000000	106.536500	574.799500	365.569500	0.872650	0.481578	-0.081026	0.481291	-0.876223	-0.024334	-0.082715	-0.017762	-0.996415
13712.000000	105.140000	573.930000	370.600000	-0.858474	-0.506416	-0.081026	-0.506231	0.862055	-0.024334	0.082171	0.020128	-0.996415
13772.000000	109.070000	576.160000	373.970000	0.968284	0.236351	-0.081026	0.235138	-0.971657	-0.024334	-0.084480	0.004510	-0.996415
13852.000000	106.180000	575.500000	383.230000	-0.886259	-0.456048	-0.081026	-0.455657	0.889823	-0.024334	0.083196	0.015354	-0.996415
13872.000000	109.570000	577.220000	384.240000	0.956165	0.281395	-0.081026	0.280341	-0.959592	-0.024334	-0.084599	0.000552	-0.996415
13932.000000	108.020000	576.770000	392.110000	-0.909537	-0.407648	-0.081026	-0.407066	0.913074	-0.024334	0.083902	0.010851	-0.996415
13944.000000	109.874400	577.584800	393.213200	0.941701	0.326549	-0.081026	0.325659	-0.945174	-0.024334	-0.084529	-0.003472	-0.996415
13992.000000	105.420000	576.020000	400.250000	-0.891311	-0.446093	-0.081026	-0.445663	0.894870	-0.024334	0.083363	0.014421	-0.996415
14000.000000	108.948000	577.780000	400.170000	0.913115	0.399570	-0.081026	0.398956	-0.916647	-0.024334	-0.083995	-0.010106	-0.996415
14012.000000	106.670000	576.760000	402.620000	-0.870108	-0.486155	-0.081026	-0.485887	0.873683	-0.024334	0.082621	0.018196	-0.996415
14020.000000	108.982000	578.040000	402.932000	0.913919	0.397728	-0.081026	0.397107	-0.917450	-0.024334	-0.084015	-0.009937	-0.996415
14032.000000	107.360000	577.310000	405.410000	-0.856108	-0.510406	-0.081026	-0.510238	0.859689	-0.024334	0.082077	0.020510	-0.996415
14044.000000	109.201750	578.376000	406.561250	0.996450	-0.022833	-0.081026	-0.024879	-0.999394	-0.024334	-0.080421	0.026263	-0.996415
14164.000000	104.742000	578.979333	425.642667	-0.540514	-0.837424	-0.081026	-0.838863	0.543798	-0.024334	0.064439	0.054817	-0.996415
14252.000000	107.540000	582.110000	437.330000	-0.850368	-0.519912	-0.081026	-0.519784	0.853951	-0.024334	0.081843	0.021423	-0.996415
14264.000000	109.850000	583.494667	438.196333	0.983190	0.163621	-0.081026	0.162160	-0.986464	-0.024334	-0.083910	0.010785	-0.996415
14320.000000	106.770000	583.065333	445.653667	0.915744	0.393507	-0.081026	0.392870	-0.919272	-0.024334	-0.084060	-0.009549	-0.996415
14344.000000	100.897500	580.497750	450.830750	0.860124	-0.503609	-0.081026	-0.506827	-0.861704	-0.024334	-0.057566	0.061996	-0.996415
14480.000000	100.529800	581.962000	468.196000	0.889987	0.448729	-0.081026	0.448309	-0.893547	-0.024334	-0.083319	-0.014668	-0.996415
14512.000000	97.030000	580.120000	473.340000	-0.872213	-0.482369	-0.081026	-0.482085	0.875786	-0.024334	0.082699	0.017837	-0.996415
14520.000000	99.734000	581.616000	473.012000	0.895152	0.438336	-0.081026	0.437874	-0.898707	-0.024334	-0.083485	-0.013697	-0.996415
14532.000000	96.432000	579.970000	475.340000	0.848953	0.522220	-0.081026	0.522101	-0.852536	-0.024334	-0.081785	-0.021646	-0.996415
14660.000000	94.510031	578.532462	485.589846	-0.978055	0.191946	-0.081026	0.194463	0.980608	-0.024334	0.074784	-0.039556	-0.996415
14800.000000	96.823733	578.439667	494.516667	-0.858742	-0.505962	-0.081026	-0.505775	0.862322	-0.024334	0.082182	0.020084	-0.996415
14812.000000	100.780000	580.780000	493.700000	0.860977	0.502148	-0.081026	0.501946	-0.864557	-0.024334	-0.082270	-0.019720	-0.996415
14880.000000	95.854133	577.751333	501.050000	-0.901272	-0.425609	-0.081026	-0.425097	0.904821	-0.024334	0.083670	0.012513	-0.996415
14924.000000	105.594667	582.330000	501.272667	0.901309	0.425531	-0.081026	0.425018	-0.904858	-0.024334	-0.083671	-0.012505	-0.996415
14952.000000	103.280000	581.210000	503.550000	-0.709683	0.699846	-0.081026	0.703354	0.710423	-0.024334	0.040533	-0.074259	-0.996415
15300.000000	107.372737	579.113158	522.061474	0.618977	0.781218	-0.081026	0.782333	-0.622384	-0.024334	-0.069439	-0.048327	-0.996415
15344.000000	104.720000	575.420000	526.742000	-0.980187	0.180746	-0.081026	0.183234	0.982768	-0.024334	0.075231	-0.038698	-0.996415
15380.000000	107.580000	574.973333	528.756667	-0.106336	0.991023	-0.081026	0.994207	0.104689	-0.024334	-0.015633	-0.083144	-0.996415
15552.000000	108.510000	567.300000	530.180000	-0.803025	0.590412	-0.081026	0.593776	0.804262	-0.024334	0.050799	-0.067652	-0.996415
15624.000000	111.124667	565.558667	532.297333	0.814721	0.574163	-0.081026	0.574269	-0.818305	-0.024334	-0.080275	-0.026705	-0.996415
15652.000000	104.050000	560.500000	535.200000	-0.396116	0.914619	-0.081026	0.918148	0.395489	-0.024334	0.009789	-0.084033	-0.996415
15872.000000	110.320000	545.390000	532.330000	0.086262	0.992972	-0.081026	0.995780	-0.088491	-0.024334	-0.031333	-0.078585	-0.996415
16004.000000	108.714000	528.491333	531.066000	-0.737559	0.670404	-0.081026	0.673879	0.738441	-0.024334	0.043519	-0.072549	-0.996415
16032.000000	111.850000	525.570000	530.310000	0.632398	0.770394	-0.081026	0.771450	-0.635824	-0.024334	-0.070265	-0.047119	-0.996415
16044.000000	109.660000	522.872800	530.899600	-0.143055	0.986392	-0.081026	0.989635	0.141526	-0.024334	-0.012535	-0.083667	-0.996415
16092.000000	110.620000	516.460000	531.370000	0.804194	0.588819	-0.081026	0.588989	-0.807775	-0.024334	-0.079779	-0.028154	-0.996415
16100.000000	106.748000	513.596000	532.562000	-0.996683	0.007577	-0.081026	0.009578	0.999658	-0.024334	0.080814	-0.025029	-0.996415
16112.000000	110.630000	513.550000	531.900000	0.669466	0.738411	-0.081026	0.739297	-0.672940	-0.024334	-0.072494	-0.043612	-0.996415
16144.000000	103.928400	506.068000	533.881200	-0.146487	0.985889	-0.081026	0.989137	0.144970	-0.024334	-0.012244	-0.083710	-0.996415
16192.000000	104.850000	499.540000	533.430000	-0.699949	0.709582	-0.081026	0.713100	0.700640	-0.024334	0.039503	-0.074812	-0.996415
16272.000000	113.480000	490.550000	531.090000	0.427435	0.900408	-0.081026	0.902261	-0.430504	-0.024334	-0.056792	-0.062705	-0.996415
16312.000000	110.060000	483.330000	531.550000	-0.967109	0.241112	-0.081026	0.243755	0.969532	-0.024334	0.072690	-0.043284	-0.996415
16324.000000	112.772000	482.616000	530.664000	0.558636	0.825446	-0.081026	0.826813	-0.561950	-0.024334	-0.065618	-0.053399	-0.996415
16352.000000	109.350000	477.510000	531.500000	-0.244328	0.966302	-0.081026	0.969685	0.243143	-0.024334	-0.003813	-0.084515	-0.996415
16440.000000	111.898000	467.220000	531.029000	0.728346	0.680402	-0.081026	0.680997	-0.731882	-0.024334	-0.075858	-0.037455	-0.996415
16484.000000	103.482000	459.286000	533.178000	-0.358495	0.930009	-0.081026	0.933510	0.357725	-0.024334	0.006354	-0.084362	-0.996415
16672.000000	108.840000	445.470000	533.660000	-0.936099	-0.342277	-0.081026	-0.341446	0.939586	-0.024334	0.084459	0.004887	-0.996415
16684.000000	115.184000	447.789000	532.126000	0.856204	0.510244	-0.081026	0.510075	-0.859785	-0.024334	-0.082081	-0.020495	-0.996415
16704.000000	111.016667	445.286667	533.351333	0.899653	0.429022	-0.081026	0.428524	-0.903203	-0.024334	-0.083622	-0.012830	-0.996415
16812.000000	109.520000	444.560000	534.460000	-0.828893	-0.553508	-0.081026	-0.553523	0.832478	-0.024334	0.080921	0.024680	-0.996415
16884.000000	111.764750	446.015250	535.717000	0.094372	-0.992234	-0.081026	-0.995398	-0.092685	-0.024334	0.016635	0.082949	-0.996415
16960.000000	112.325250	447.734750	544.343000	-0.804313	-0.588655	-0.081026	-0.588825	0.807894	-0.024334	0.079784	0.028138	-0.996415
16992.000000	116.710000	450.820000	547.490000	0.942770	0.323451	-0.081026	0.322550	-0.946240	-0.024334	-0.084540	-0.003194	-0.996415
17004.000000	113.602000	449.748000	550.334000	-0.891033	-0.446648	-0.081026	-0.446220	0.894593	-0.024334	0.083354	0.014473	-0.996415
17012.000000	116.410000	451.140000	550.950000	0.978066	0.191890	-0.081026	0.190524	-0.981381	-0.024334	-0.084186	0.008363	-0.996415
17144.000000	103.406000	448.810000	575.908667	-0.774537	-0.627318	-0.081026	-0.627663	0.778105	-0.024334	0.078311	0.032010	-0.996415
17172.000000	105.030000	449.930000	580.510000	0.973575	0.213509	-0.081026	0.212217	-0.976920	-0.024334	-0.084351	0.006496	-0.996415
17200.000000	102.640667	449.444667	586.054000	-0.855956	-0.510661	-0.081026	-0.510494	0.859537	-0.024334	0.082071	0.020535	-0.996415
17212.000000	104.520000	450.530000	587.360000	0.941633	0.326746	-0.081026	0.325857	-0.945106	-0.024334	-0.084529	-0.003489	-0.996415
17224.000000	101.244000	449.386000	590.450000	-0.796400	-0.599318	-0.081026	-0.599535	0.799978	-0.024334	0.079402	0.029198	-0.996415
17300.000000	105.726286	452.371714	600.649429	0.955207	0.284629	-0.081026	0.283587	-0.958638	-0.024334	-0.084600	0.000266	-0.996415
17452.000000	99.000000	450.380000	620.070000	-0.873913	-0.479281	-0.081026	-0.478985	0.877486	-0.024334	0.082762	0.017545	-0.996415
17472.000000	102.580000	452.300000	621.840000	0.946790	0.311487	-0.081026	0.310542	-0.950248	-0.024334	-0.084574	-0.002123	-0.996415
17484.000000	98.897700	451.088333	623.910333	0.994763	0.062299	-0.081026	0.060512	-0.997871	-0.024334	-0.082369	0.019303	-0.996415
17592.000000	92.277000	450.940000	637.610000	-0.891056	-0.446602	-0.081026	-0.446173	0.894616	-0.024334	0.083354	0.014469	-0.996415
17612.000000	96.621000	453.100000	638.140000	0.360376	-0.929281	-0.081026	-0.932784	-0.359613	-0.024334	-0.006525	0.084349	-0.996415
17672.000000	96.923000	453.870000	644.750000	0.958689	0.272674	-0.081026	0.271589	-0.962106	-0.024334	-0.084590	0.001323	-0.996415
17712.000000	93.762000	452.980000	649.020000	-0.921630	-0.379517	-0.081026	-0.378827	0.925148	-0.024334	0.084196	0.008268	-0.996415
17720.000000	96.145200	453.956000	649.204000	0.932061	0.353124	-0.081026	0.352333	-0.935558	-0.024334	-0.084397	-0.005868	-0.996415
17732.000000	93.268000	452.860000	650.800000	-0.907246	-0.412722	-0.081026	-0.412160	0.910787	-0.024334	0.083840	0.011319	-0.996415
17752.000000	98.696000	455.310000	651.580000	0.949554	0.302956	-0.081026	0.301980	-0.953004	-0.024334	-0.084590	-0.001362	-0.996415
17800.000000	92.445000	453.314000	657.759500	-0.899482	-0.429379	-0.081026	-0.428882	0.903033	-0.024334	0.083617	0.012863	-0.996415
17812.000000	94.810000	454.420000	659.060000	0.945230	0.316189	-0.081026	0.315262	-0.948693	-0.024334	-0.084562	-0.002543	-0.996415
17824.000000	91.641333	453.358667	661.018000	-0.716486	-0.692880	-0.081026	-0.693537	0.720010	-0.024334	0.075200	0.038760	-0.996415
17852.000000	93.102000	454.600000	664.070000	0.967655	0.238912	-0.081026	0.237708	-0.971032	-0.024334	-0.084492	0.004286	-0.996415
17880.000000	89.884800	453.825333	667.896667	-0.877131	-0.473367	-0.081026	-0.473046	0.880702	-0.024334	0.082878	0.016985	-0.996415
17892.000000	92.790000	455.370000	668.770000	0.975704	0.203562	-0.081026	0.202236	-0.979034	-0.024334	-0.084280	0.007356	-0.996415
17932.000000	90.031000	454.840000	674.580000	0.939302	0.333386	-0.081026	0.332522	-0.942782	-0.024334	-0.084502	-0.004086	-0.996415
17952.000000	84.553000	452.890000	677.550000	0.955546	-0.283490	-0.081026	-0.286237	-0.957850	-0.024334	-0.070712	0.046444	-0.996415
18000.000000	83.694760	453.331600	681.418800	-0.941439	-0.327303	-0.081026	-0.326416	0.944913	-0.024334	0.084527	0.003540	-0.996415
18060.000000	87.325600	454.568000	687.096000	0.923598	0.374701	-0.081026	0.373992	-0.927113	-0.024334	-0.084238	-0.007829	-0.996415
18084.000000	83.244500	452.896500	689.711500	-0.986988	-0.138889	-0.081026	-0.137347	0.990224	-0.024334	0.083613	-0.012888	-0.996415
18120.000000	83.775500	453.013500	692.978500	-0.925318	-0.370435	-0.081026	-0.369710	0.928829	-0.024334	0.084273	0.007440	-0.996415
18132.000000	86.690000	454.170000	693.710000	0.911255	0.403794	-0.081026	0.403197	-0.914790	-0.024334	-0.083947	-0.010495	-0.996415
18180.000000	82.902250	452.440000	698.771000	-0.915376	-0.394362	-0.081026	-0.393729	0.918905	-0.024334	0.084051	0.009628	-0.996415
18192.000000	86.895000	454.150000	699.110000	0.881147	0.465848	-0.081026	0.465497	-0.884715	-0.024334	-0.083020	-0.016276	-0.996415
18240.000000	83.707400	452.389000	703.598000	-0.966757	-0.242520	-0.081026	-0.241329	0.970138	-0.024334	0.084507	-0.003971	-0.996415
18252.000000	86.776000	453.160000	704.550000	0.610810	0.787620	-0.081026	0.788771	-0.614206	-0.024334	-0.068932	-0.049047	-0.996415
18292.000000	85.954000	451.840000	707.880000	-0.960825	-0.265049	-0.081026	-0.263937	0.964233	-0.024334	0.084577	-0.001995	-0.996415
18300.000000	87.870800	452.368000	708.416000	0.834797	0.544563	-0.081026	0.544540	-0.838382	-0.024334	-0.081182	-0.023808	-0.996415
18340.000000	84.760200	450.258000	711.569000	-0.960614	-0.265811	-0.081026	-0.264702	0.964023	-0.024334	0.084579	-0.001928	-0.996415
18352.000000	87.849000	451.110000	711.730000	0.912908	0.400042	-0.081026	0.399430	-0.916441	-0.024334	-0.083990	-0.010150	-0.996415
18364.000000	83.444800	449.177333	712.647333	-0.987922	-0.132079	-0.081026	-0.130515	0.991148	-0.024334	0.083522	-0.013465	-0.996415
18412.000000	88.932000	449.920000	713.490000	0.861683	0.500937	-0.081026	0.500729	-0.865262	-0.024334	-0.082298	-0.019604	-0.996415
18424.000000	84.525600	447.338000	714.856000	-0.991201	-0.104664	-0.081026	-0.103011	0.994383	-0.024334	0.083117	-0.015773	-0.996415
18452.000000	88.284000	447.740000	715.260000	0.903795	0.420225	-0.081026	0.419692	-0.907340	-0.024334	-0.083743	-0.012013	-0.996415
18464.000000	81.355000	444.508000	716.990000	-0.980798	-0.177399	-0.081026	-0.175984	0.984092	-0.024334	0.084053	-0.009607	-0.996415
18472.000000	83.299000	444.860000	717.150000	0.403839	0.911235	-0.081026	0.913167	-0.406859	-0.024334	-0.055140	-0.064163	-0.996415
18552.000000	82.024000	441.730000	718.890000	-0.993653	0.078034	-0.081026	0.080240	0.996479	-0.024334	0.078842	-0.030681	-0.996415
18640.000000	91.927000	440.846000	715.366000	0.873895	0.479315	-0.081026	0.479018	-0.877468	-0.024334	-0.082761	-0.017548	-0.996415
18652.000000	87.628000	438.490000	715.750000	-0.254630	0.963638	-0.081026	0.967034	0.253482	-0.024334	-0.002910	-0.084551	-0.996415
18720.000000	88.742600	434.163000	715.481000	0.846161	0.526732	-0.081026	0.526632	-0.849745	-0.024334	-0.081668	-0.022081	-0.996415
18752.000000	80.325000	428.920000	716.450000	-0.991574	0.101073	-0.081026	0.103344	0.994348	-0.024334	0.078108	-0.032502	-0.996415
18764.000000	82.673400	428.680333	716.420667	0.385657	0.919078	-0.081026	0.921069	-0.388638	-0.024334	-0.053854	-0.065246	-0.996415
18824.000000	79.821800	421.838400	717.006000	-0.158029	0.984105	-0.081026	0.987370	0.156550	-0.024334	-0.011262	-0.083848	-0.996415
18892.000000	80.936000	414.890000	717.110000	-0.979032	0.186896	-0.081026	0.189400	0.981598	-0.024334	0.074987	-0.039170	-0.996415
18924.000000	88.434733	413.418000	716.001333	0.029481	0.996276	-0.081026	0.999206	-0.031547	-0.024334	-0.026799	-0.080244	-0.996415
18992.000000	88.230000	404.870000	716.820000	-0.988623	0.126729	-0.081026	0.129071	0.991337	-0.024334	0.077240	-0.034515	-0.996415
19004.000000	91.701667	404.415333	716.508000	0.098039	0.991879	-0.081026	0.994659	-0.100301	-0.024334	-0.032263	-0.078207	-0.996415
19032.000000	91.361000	400.850000	716.760000	0.872171	0.482444	-0.081026	0.482161	-0.875745	-0.024334	-0.082697	-0.017844	-0.996415
19052.000000	82.167000	395.760000	717.990000	-0.630781	0.771719	-0.081026	0.775286	0.631142	-0.024334	0.032360	-0.078167	-0.996415
19200.000000	93.869600	381.460000	718.064000	0.583076	0.808367	-0.081026	0.809634	-0.586430	-0.024334	-0.067186	-0.051413	-0.996415
19224.000000	91.234800	377.811333	718.254667	-0.822632	0.562771	-0.081026	0.566092	0.823983	-0.024334	0.053070	-0.065886	-0.996415
19252.000000	94.872000	375.310000	718.040000	0.751204	0.655079	-0.081026	0.655553	-0.754757	-0.024334	-0.077095	-0.034837	-0.996415
19264.000000	92.400400	373.144000	718.491000	-0.566277	0.820223	-0.081026	0.823807	0.566348	-0.024334	0.025930	-0.080529	-0.996415
19304.000000	94.775343	369.604571	717.788571	0.780458	0.619936	-0.081026	0.620247	-0.784029	-0.024334	-0.078612	-0.031265	-0.996415
19372.000000	85.131000	361.940000	718.760000	-0.245114	0.965826	0.084258	0.969494	0.244122	0.022037	0.000715	0.087090	-0.996200
19440.000000	86.362800	356.966000	719.042000	-0.915692	0.395402	0.071867	0.401629	0.906684	0.128910	-0.014189	0.146906	-0.989049
19620.000000	103.794000	349.550000	717.896000	0.934694	0.355123	0.015313	0.346159	-0.919196	0.187756	0.080752	-0.170194	-0.982096
19652.000000	97.995000	347.170000	718.650000	-0.983195	0.181914	0.015313	0.181526	0.965296	0.187756	0.019374	0.187381	-0.982096
19744.000000	100.420000	346.680000	718.820000	-0.983195	0.181914	0.015313	0.181526	0.965296	0.187756	0.019374	0.187381	-0.982096
