17773,-12.942,711.72,-78.405,0.37148,-0.40737,-0.8343,-0.91748,-0.023397,-0.39709,0.14225,0.91296,-0.38245
17783,-13.631,712.6,-78.47,0.36628,-0.40573,-0.83739,-0.92025,-0.024751,-0.39054,0.13773,0.91366,-0.38244
17793,-14.102,713.35,-78.508,0.36272,-0.40445,-0.83956,-0.92211,-0.025517,-0.38609,0.13473,0.91421,-0.3822
17803,-13.832,712.86,-78.455,0.36536,-0.40526,-0.83802,-0.92072,-0.024783,-0.38943,0.13705,0.91386,-0.38219
17813,-13.586,712.65,-78.421,0.36695,-0.40617,-0.83688,-0.91988,-0.024535,-0.39143,0.13845,0.91347,-0.38263
17823,-13.906,713.11,-78.48,0.36542,-0.40498,-0.83813,-0.92084,-0.02561,-0.38911,0.13612,0.91397,-0.38228
17833,-13.381,712.51,-78.472,0.36851,-0.40676,-0.83591,-0.9191,-0.024504,-0.39325,0.13947,0.91321,-0.38288
17843,-14.004,713.34,-78.55,0.36411,-0.4047,-0.83884,-0.92152,-0.025956,-0.38747,0.13504,0.91408,-0.38239
17853,-14.129,713.61,-78.544,0.36353,-0.40402,-0.83941,-0.92186,-0.026161,-0.38665,0.13425,0.91438,-0.38196
17863,-14.129,713.51,-78.5,0.36306,-0.40401,-0.83962,-0.92191,-0.025019,-0.3866,0.13518,0.91441,-0.38154
17873,-13.249,712.16,-78.399,0.36893,-0.40671,-0.83575,-0.91853,-0.022047,-0.39474,0.14212,0.91329,-0.38171
17883,-13.592,712.64,-78.398,0.36767,-0.4053,-0.83699,-0.91944,-0.023456,-0.39253,0.13946,0.91388,-0.38127
17893,-12.679,711.64,-78.312,0.37281,-0.40782,-0.83348,-0.91648,-0.02134,-0.3995,0.14514,0.91281,-0.38172
17903,-12.592,711.55,-78.295,0.37324,-0.40804,-0.83319,-0.91624,-0.021181,-0.40007,0.1456,0.91272,-0.38176
17913,-12.71,711.76,-78.367,0.3719,-0.40733,-0.83413,-0.91695,-0.021285,-0.39844,0.14454,0.91303,-0.38142
17923,-12.758,711.66,-78.336,0.37191,-0.40707,-0.83425,-0.91687,-0.020668,-0.39866,0.14504,0.91316,-0.38092
17933,-13.472,712.67,-78.433,0.36672,-0.40525,-0.83743,-0.91966,-0.021999,-0.39209,0.14047,0.91394,-0.38076
17943,-12.686,711.86,-78.361,0.37204,-0.40719,-0.83414,-0.9169,-0.021331,-0.39854,0.14449,0.91309,-0.38129
17953,-12.606,711.53,-78.263,0.37228,-0.40735,-0.83395,-0.9165,-0.019611,-0.39955,0.1464,0.91306,-0.38063
17963,-13.439,712.82,-78.492,0.36706,-0.40508,-0.83737,-0.91957,-0.022315,-0.3923,0.14022,0.91401,-0.38069
17973,-13.588,712.87,-78.451,0.36701,-0.40424,-0.83779,-0.91966,-0.02239,-0.39207,0.13973,0.91438,-0.37999
17983,-13.922,713.53,-78.52,0.36509,-0.40292,-0.83927,-0.92092,-0.02416,-0.38901,0.13646,0.91492,-0.37988
17993,-13.791,713.27,-78.461,0.36544,-0.40346,-0.83885,-0.92053,-0.022913,-0.39,0.13813,0.91471,-0.37977
18003,-13.964,713.38,-78.461,0.3648,-0.40247,-0.83961,-0.92088,-0.022771,-0.38919,0.13752,0.91515,-0.37893
18013,-13.384,712.73,-78.406,0.36804,-0.40434,-0.83729,-0.91903,-0.021459,-0.39361,0.14118,0.91436,-0.3795
18023,-12.558,711.78,-78.305,0.37251,-0.40618,-0.83442,-0.91644,-0.019354,-0.3997,0.1462,0.91359,-0.37945
18033,-12.596,711.78,-78.33,0.37189,-0.40557,-0.83499,-0.91679,-0.019429,-0.39889,0.14555,0.91386,-0.37905
18043,-12.56,711.76,-78.336,0.37281,-0.40487,-0.83492,-0.91641,-0.01945,-0.39976,0.14561,0.91417,-0.37828
18053,-12.95,712.24,-78.34,0.36996,-0.40371,-0.83675,-0.91795,-0.020053,-0.39619,0.14317,0.91467,-0.378
18063,-13.202,712.55,-78.38,0.36897,-0.40194,-0.83804,-0.91873,-0.021237,-0.39431,0.14069,0.91542,-0.37711
18073,-12.454,711.83,-78.384,0.3727,-0.40334,-0.83571,-0.91675,-0.020526,-0.39893,0.14375,0.91482,-0.37741
18083,-13.852,713.64,-78.479,0.36354,-0.39849,-0.84205,-0.92185,-0.023623,-0.38682,0.13425,0.91687,-0.37594
18093,-12.246,711.6,-78.339,0.37352,-0.40248,-0.83576,-0.91638,-0.020282,-0.39979,0.14396,0.91521,-0.3764
18103,-12.944,712.23,-78.315,0.37018,-0.39967,-0.83859,-0.91846,-0.022146,-0.39489,0.13925,0.91639,-0.37528
18113,-12.257,711.64,-78.328,0.3729,-0.40082,-0.83683,-0.91686,-0.020651,-0.39867,0.14251,0.91592,-0.37519
18123,-12.138,711.75,-78.374,0.37383,-0.4002,-0.83671,-0.9167,-0.022212,-0.39895,0.14107,0.91616,-0.37517
18133,-12.141,711.67,-78.392,0.37343,-0.3995,-0.83723,-0.91701,-0.022591,-0.39823,0.14018,0.91646,-0.37478
18143,-11.682,710.63,-78.199,0.37734,-0.4004,-0.83505,-0.91471,-0.020315,-0.40359,0.14463,0.91612,-0.37391
18153,-12.023,711.72,-78.376,0.37279,-0.39845,-0.83801,-0.91744,-0.022968,-0.3972,0.13902,0.9169,-0.37411
18163,-12.035,711.51,-78.349,0.37182,-0.39802,-0.83865,-0.91784,-0.022333,-0.39632,0.13901,0.91711,-0.37362
18173,-11.907,710.85,-78.236,0.37416,-0.39783,-0.8377,-0.91667,-0.021876,-0.39905,0.14043,0.9172,-0.37286
18183,-12.029,711.55,-78.412,0.37039,-0.39656,-0.83997,-0.91879,-0.02349,-0.39406,0.13653,0.91771,-0.37305
18193,-11.876,711.36,-78.306,0.37103,-0.39637,-0.83978,-0.91847,-0.023316,-0.3948,0.13691,0.9178,-0.37271
18203,-11.052,709.72,-78.106,0.37761,-0.39868,-0.83574,-0.91472,-0.02036,-0.40358,0.14388,0.91687,-0.37237
18213,-11.484,712.27,-78.553,0.372,-0.39547,-0.83977,-0.91888,-0.028768,-0.39349,0.13146,0.91803,-0.37409
18223,-11.892,711.34,-78.312,0.36786,-0.39418,-0.8422,-0.92011,-0.023326,-0.39097,0.13447,0.91873,-0.37127
18233,-11.872,711.3,-78.332,0.36723,-0.3932,-0.84293,-0.92045,-0.023206,-0.39018,0.13386,0.91916,-0.37044
18243,-11.744,711.26,-78.3,0.36699,-0.39255,-0.84334,-0.92055,-0.022873,-0.38995,0.13379,0.91944,-0.36976
18253,-11.615,711.21,-78.259,0.36722,-0.39182,-0.84358,-0.92048,-0.022719,-0.39013,0.1337,0.91976,-0.369
18263,-11.209,710.98,-78.251,0.36651,-0.39287,-0.8434,-0.92054,-0.021375,-0.39007,0.13522,0.91934,-0.36949
18273,-9.6712,712.8,-78.516,0.37368,-0.39715,-0.83823,-0.91843,-0.031936,-0.3943,0.12982,0.9172,-0.37668
18283,-10.361,710.43,-78.259,0.3613,-0.39624,-0.84407,-0.92197,-0.016492,-0.38691,0.13939,0.918,-0.37128
18293,-9.3614,711.18,-78.323,0.3616,-0.40201,-0.84121,-0.92207,-0.020705,-0.38647,0.13794,0.9154,-0.37817
18303,-8.3162,710.79,-78.222,0.36042,-0.40755,-0.83905,-0.92198,-0.019121,-0.38676,0.14158,0.91298,-0.38265
18313,-7.5195,710.75,-78.261,0.35733,-0.41268,-0.83786,-0.92302,-0.019049,-0.38427,0.14262,0.91068,-0.38772
18323,-7.5951,708.48,-78.002,0.34426,-0.41506,-0.84215,-0.92659,-0.005554,-0.37604,0.1514,0.90978,-0.3865
18333,-6.1971,709.37,-78.098,0.3471,-0.42203,-0.8375,-0.92596,-0.012605,-0.37741,0.14872,0.9065,-0.39516
18343,-5.1923,709.87,-78.097,0.35074,-0.42612,-0.83391,-0.92471,-0.016871,-0.38031,0.14799,0.90451,-0.39995
18353,-3.4065,711.36,-78.2,0.36093,-0.432,-0.8265,-0.9216,-0.029567,-0.387,0.14275,0.90139,-0.40881
18363,-2.0028,712.9,-78.293,0.36978,-0.4358,-0.82057,-0.91879,-0.040207,-0.39269,0.13814,0.89914,-0.41528
18373,-1.8434,712.04,-78.166,0.36739,-0.43591,-0.82159,-0.91932,-0.03631,-0.39182,0.14097,0.89926,-0.41408
18383,-0.93307,712.53,-78.184,0.37133,-0.43763,-0.8189,-0.91791,-0.040178,-0.39475,0.13986,0.89826,-0.41663
18393,-0.73307,711.71,-78.11,0.36702,-0.43784,-0.82073,-0.91911,-0.034796,-0.39246,0.14327,0.89838,-0.41519
18403,0.29951,712.08,-78.125,0.36898,-0.44055,-0.81839,-0.91842,-0.037646,-0.39381,0.14269,0.89694,-0.4185
18413,-0.68984,710.74,-78.103,0.35852,-0.43832,-0.82422,-0.92195,-0.02768,-0.38632,0.14652,0.89839,-0.41404
18423,0.10657,710.52,-78.078,0.3578,-0.44027,-0.82349,-0.92198,-0.026721,-0.38631,0.14808,0.89747,-0.41548
18433,0.16867,711.4,-78.221,0.35163,-0.44,-0.82629,-0.92514,-0.02842,-0.37856,0.14309,0.89755,-0.41706
18443,0.4061,711.87,-78.248,0.34878,-0.43925,-0.8279,-0.92657,-0.028913,-0.37501,0.14078,0.8979,-0.41708
18453,1.6011,710.39,-78.036,0.35399,-0.44023,-0.82516,-0.92363,-0.025894,-0.38242,0.14698,0.89751,-0.41577
18463,1.7766,710.43,-78.009,0.35405,-0.43746,-0.82661,-0.9238,-0.025817,-0.38201,0.14578,0.89887,-0.41327
18473,3.0514,709.16,-77.889,0.3591,-0.43853,-0.82386,-0.92087,-0.022897,-0.3892,0.15181,0.89842,-0.41205
18483,2.5262,710.57,-78.062,0.35068,-0.43401,-0.82985,-0.92535,-0.024262,-0.37835,0.14407,0.90058,-0.41012
18493,2.7407,710.87,-78.124,0.34751,-0.43183,-0.83232,-0.92683,-0.023584,-0.37473,0.14219,0.90165,-0.40843
18503,4.574,709.68,-78.072,0.35138,-0.43534,-0.82886,-0.92433,-0.020587,-0.38104,0.14882,0.90003,-0.40964
18513,5.162,709.6,-78.111,0.34878,-0.43523,-0.83002,-0.92526,-0.018939,-0.37887,0.14917,0.90012,-0.4093
18523,5.6712,709.26,-78.039,0.34803,-0.43494,-0.83048,-0.92534,-0.017245,-0.37875,0.15041,0.9003,-0.40847
18533,6.492,709.27,-78.108,0.34481,-0.43581,-0.83137,-0.92646,-0.01558,-0.37608,0.15095,0.8999,-0.40913
18543,6.9085,708.98,-78.043,0.3433,-0.43589,-0.83195,-0.92681,-0.013646,-0.37529,0.15223,0.8999,-0.40867
18553,7.5664,708.73,-78.002,0.34206,-0.43633,-0.83223,-0.92706,-0.01204,-0.37472,0.15348,0.89971,-0.40862
18563,8.2363,709.16,-78.124,0.34058,-0.43672,-0.83264,-0.928,-0.013882,-0.37231,0.15104,0.89949,-0.41
18573,8.5588,708.91,-78.106,0.34023,-0.43593,-0.83319,-0.92808,-0.013057,-0.37215,0.15135,0.89989,-0.40902
18583,9.2323,708.7,-78.113,0.33953,-0.43601,-0.83344,-0.92821,-0.011987,-0.37187,0.15215,0.89986,-0.40878
18593,10.942,710.44,-78.245,0.34865,-0.43864,-0.82827,-0.92579,-0.023407,-0.37731,0.14611,0.89836,-0.41425
18603,11.09,709.64,-78.216,0.34563,-0.43745,-0.83017,-0.92661,-0.019455,-0.37553,0.14812,0.89903,-0.41207
18613,11.404,709.61,-78.234,0.34348,-0.4376,-0.83098,-0.92751,-0.019103,-0.37332,0.14749,0.89897,-0.41244
18623,11.795,709.12,-78.192,0.3423,-0.43791,-0.83131,-0.92772,-0.017333,-0.37287,0.14887,0.89885,-0.41219
18633,11.884,708.3,-78.143,0.33831,-0.43765,-0.83307,-0.92876,-0.012743,-0.37047,0.15152,0.89905,-0.41079
18643,13.619,709.98,-78.252,0.34814,-0.44264,-0.82636,-0.92592,-0.024542,-0.37694,0.14657,0.89636,-0.41839
18653,13.508,708.51,-78.182,0.34188,-0.44245,-0.82907,-0.92746,-0.016717,-0.37354,0.15141,0.89664,-0.41607
18663,14.712,709.63,-78.256,0.34725,-0.44608,-0.82488,-0.92602,-0.024275,-0.3767,0.14801,0.89467,-0.4215
18673,14.738,708.46,-78.181,0.34275,-0.44592,-0.82685,-0.92706,-0.018235,-0.37446,0.1519,0.89489,-0.41965
18683,14.715,707.92,-78.332,0.33977,-0.44569,-0.8282,-0.92822,-0.016992,-0.37166,0.15157,0.89503,-0.41947
18693,14.955,707.7,-78.233,0.34005,-0.44631,-0.82775,-0.92801,-0.016827,-0.37217,0.15218,0.89472,-0.4199
18703,15.974,707.51,-78.296,0.34014,-0.44912,-0.8262,-0.9278,-0.017093,-0.37268,0.15326,0.89331,-0.42251
18713,16.483,707.39,-78.322,0.34023,-0.45007,-0.82564,-0.92773,-0.017326,-0.37285,0.1535,0.89283,-0.42343
18723,17.04,707.17,-78.304,0.34002,-0.45085,-0.8253,-0.92775,-0.017225,-0.37281,0.15387,0.89243,-0.42413
18733,17.509,707.14,-78.358,0.33978,-0.45106,-0.82528,-0.92793,-0.017792,-0.37232,0.15326,0.89231,-0.4246
18743,18.259,707.02,-78.363,0.34076,-0.45199,-0.82437,-0.92753,-0.018418,-0.37331,0.15355,0.89183,-0.42551
18753,18.835,706.63,-78.296,0.34035,-0.45231,-0.82437,-0.92747,-0.017156,-0.37351,0.1548,0.8917,-0.42534
18763,20.27,704.52,-77.974,0.34926,-0.45468,-0.81932,-0.92259,-0.013981,-0.38552,0.16383,0.89055,-0.42436
18773,20.484,704.94,-78.075,0.34646,-0.45292,-0.82148,-0.92421,-0.014874,-0.38159,0.16061,0.89143,-0.42374
18783,20.424,705.7,-78.158,0.34073,-0.45034,-0.82529,-0.92721,-0.015757,-0.37421,0.15552,0.89272,-0.42293
18793,21.566,704.71,-78.056,0.34322,-0.45143,-0.82366,-0.92564,-0.013786,-0.37816,0.15936,0.8922,-0.42259
18803,21.696,706.24,-78.354,0.33355,-0.44957,-0.82863,-0.93053,-0.016015,-0.36588,0.15122,0.8931,-0.42368
18813,22.109,705.86,-78.258,0.33228,-0.44835,-0.8298,-0.93093,-0.014559,-0.36491,0.15153,0.89374,-0.42222
18823,22.65,705.66,-78.254,0.32973,-0.44746,-0.8313,-0.93184,-0.012956,-0.36264,0.1515,0.89421,-0.42124
18833,23.244,705.56,-78.311,0.32815,-0.44637,-0.83251,-0.93257,-0.012728,-0.36077,0.15044,0.89476,-0.42045
18843,23.866,705.22,-78.225,0.32739,-0.44551,-0.83327,-0.93267,-0.011007,-0.36056,0.15146,0.89521,-0.41912
18853,24.559,705.25,-78.375,0.32435,-0.44513,-0.83466,-0.93386,-0.010141,-0.35749,0.15066,0.89541,-0.41898
18863,25.273,705.15,-78.381,0.32334,-0.44504,-0.8351,-0.93426,-0.009902,-0.35646,0.15037,0.89546,-0.41898
18873,25.94,705.02,-78.418,0.32234,-0.44493,-0.83554,-0.93473,-0.010094,-0.35522,0.14962,0.89551,-0.41914
18883,26.68,704.59,-78.357,0.32047,-0.44579,-0.8358,-0.935,-0.00739,-0.35457,0.15188,0.89511,-0.41918
18893,27.425,704.15,-78.293,0.32051,-0.44595,-0.8357,-0.93482,-0.006519,-0.35505,0.15289,0.89504,-0.41897
18903,27.844,703.61,-78.18,0.32246,-0.44517,-0.83537,-0.93404,-0.006439,-0.35711,0.1536,0.89542,-0.41788
18913,28.62,703.89,-78.316,0.31806,-0.44627,-0.83647,-0.9358,-0.006279,-0.35248,0.15205,0.89488,-0.41962
18923,29.23,703.64,-78.377,0.31859,-0.44587,-0.83648,-0.93572,-0.00695,-0.35268,0.15143,0.89507,-0.41942
18933,29.817,703.6,-78.4,0.31756,-0.44587,-0.83687,-0.93625,-0.007554,-0.35125,0.15029,0.89507,-0.41985
18943,30.566,703.23,-78.389,0.31829,-0.44643,-0.8363,-0.9359,-0.007498,-0.35219,0.15096,0.89479,-0.4202
18953,31.055,703.12,-78.409,0.31599,-0.44667,-0.83704,-0.93672,-0.006761,-0.35001,0.15068,0.89467,-0.42054
18963,31.713,702.77,-78.411,0.31651,-0.44703,-0.83665,-0.93643,-0.006499,-0.35079,0.15138,0.89449,-0.42067
18973,32.311,702.59,-78.447,0.31523,-0.44754,-0.83686,-0.9369,-0.006294,-0.34954,0.15117,0.89424,-0.42128
18983,32.743,702.59,-78.471,0.31373,-0.44744,-0.83748,-0.93759,-0.006658,-0.34768,0.14999,0.89429,-0.4216
18993,33.283,702.37,-78.413,0.31358,-0.44707,-0.83773,-0.93758,-0.006079,-0.34772,0.15036,0.89448,-0.42107
19003,33.845,702.27,-78.442,0.31283,-0.44724,-0.83792,-0.93791,-0.006252,-0.34683,0.14988,0.89439,-0.42143
19013,34.32,701.93,-78.419,0.31217,-0.44682,-0.83839,-0.93802,-0.005134,-0.34653,0.15053,0.89461,-0.42073
19023,34.975,701.95,-78.426,0.31104,-0.44756,-0.83842,-0.93852,-0.005591,-0.34519,0.14981,0.89424,-0.42178
19033,35.482,701.64,-78.382,0.31035,-0.44732,-0.8388,-0.93867,-0.004747,-0.34477,0.15024,0.89436,-0.42136
19043,36.135,701.5,-78.341,0.31023,-0.44785,-0.83856,-0.93864,-0.004481,-0.34486,0.15069,0.8941,-0.42176
19053,36.755,701.29,-78.331,0.30865,-0.44884,-0.83862,-0.93909,-0.003705,-0.34365,0.15113,0.8936,-0.42264
19063,37.328,701.12,-78.335,0.30745,-0.44952,-0.83869,-0.93945,-0.003199,-0.34267,0.15135,0.89326,-0.42329
19073,38.063,700.86,-78.279,0.30747,-0.45115,-0.83781,-0.93921,-0.002498,-0.34334,0.1528,0.89245,-0.42449
19083,39.457,701.56,-78.405,0.31243,-0.45336,-0.83478,-0.93793,-0.007928,-0.34673,0.15058,0.89129,-0.4277
19093,39.83,701.15,-78.427,0.31163,-0.45318,-0.83518,-0.93812,-0.007025,-0.34623,0.15104,0.89139,-0.42733
19103,40.981,701.79,-78.458,0.31537,-0.45529,-0.83262,-0.93725,-0.011971,-0.34846,0.14868,0.89026,-0.43049
19113,40.528,700.26,-78.333,0.3081,-0.45285,-0.83666,-0.93897,-0.003316,-0.34399,0.153,0.89158,-0.42624
19123,41.144,699.93,-78.312,0.30782,-0.45289,-0.83674,-0.93895,-0.00253,-0.34404,0.1537,0.89156,-0.42602
19133,41.391,699.68,-78.235,0.30799,-0.45181,-0.83727,-0.93901,-0.002833,-0.34389,0.153,0.89211,-0.42512
19143,41.947,699.43,-78.224,0.30446,-0.45189,-0.83851,-0.94012,-0.000921,-0.34085,0.15326,0.89207,-0.42511
19153,42.556,699.17,-78.239,0.3033,-0.45174,-0.83901,-0.94044,-2.3e-05,-0.33996,0.15356,0.89215,-0.42484
19163,42.953,699.19,-78.362,0.30021,-0.45102,-0.84051,-0.94166,0.000427,-0.33657,0.15216,0.89251,-0.42458
19173,42.829,700.13,-78.517,0.29503,-0.44772,-0.8441,-0.94433,-0.002027,-0.32899,0.14558,0.89417,-0.4234
19183,44.701,698.36,-78.382,0.30193,-0.45136,-0.83971,-0.94087,0.000881,-0.33877,0.15365,0.89234,-0.4244
19193,45.129,698.3,-78.532,0.29954,-0.45082,-0.84086,-0.94179,0.001294,-0.33619,0.15265,0.89262,-0.42419
19203,44.511,699.38,-78.511,0.29328,-0.44636,-0.84543,-0.9449,-0.000845,-0.32735,0.1454,0.89485,-0.42202
19213,46.582,697.48,-78.492,0.29757,-0.45226,-0.84078,-0.94201,0.004028,-0.33557,0.15515,0.89187,-0.42484
19223,47.971,695.59,-78.146,0.30599,-0.45541,-0.83605,-0.93799,0.006064,-0.3466,0.16292,0.89026,-0.42531
19233,48.734,695.17,-78.102,0.30503,-0.45656,-0.83577,-0.93814,0.006952,-0.34619,0.16387,0.88967,-0.4262
19243,48.786,696.08,-78.311,0.29314,-0.45557,-0.84055,-0.94291,0.007583,-0.33295,0.15805,0.89017,-0.42734
19253,49.408,695.7,-78.281,0.29244,-0.45549,-0.84084,-0.94316,0.007778,-0.33224,0.15787,0.8902,-0.42733
19263,50.028,695.3,-78.242,0.29264,-0.45515,-0.84095,-0.94305,0.008074,-0.33254,0.15815,0.89038,-0.42687
19273,50.545,695.04,-78.286,0.2918,-0.45456,-0.84156,-0.9435,0.007666,-0.33129,0.15704,0.89068,-0.42664
19283,51.89,695.78,-78.455,0.297,-0.45553,-0.83921,-0.94251,0.001115,-0.33416,0.15316,0.89022,-0.42902
19293,54.223,689.67,-77.515,0.3153,-0.46126,-0.82935,-0.93171,0.015561,-0.36287,0.18028,0.88713,-0.42486
19303,52.626,694.05,-78.282,0.29369,-0.45395,-0.84123,-0.94283,0.007449,-0.33319,0.15752,0.89099,-0.42582
19313,53.387,693.61,-78.36,0.29228,-0.45486,-0.84124,-0.94315,0.008431,-0.33225,0.15822,0.89053,-0.42654
19323,54.023,692.12,-78.314,0.28505,-0.45523,-0.84351,-0.94456,0.016218,-0.32795,0.16298,0.89023,-0.42537
19333,55.711,692.63,-78.453,0.28998,-0.45914,-0.8397,-0.94344,0.010198,-0.33139,0.16072,0.88831,-0.43022
19343,56.038,691.4,-78.36,0.28689,-0.45917,-0.84075,-0.94374,0.015176,-0.33033,0.16444,0.88822,-0.42899
19353,56.823,690.9,-78.416,0.28609,-0.46007,-0.84053,-0.94386,0.015879,-0.32995,0.16515,0.88774,-0.4297
19363,57.422,690,-78.354,0.28447,-0.4601,-0.84106,-0.94403,0.01838,-0.32935,0.16699,0.88768,-0.42912
19373,56.308,687.43,-78.409,0.26887,-0.45379,-0.84957,-0.94761,0.033297,-0.31769,0.17245,0.89048,-0.42107
19383,55.852,685.04,-78.288,0.26086,-0.44973,-0.85422,-0.94871,0.044304,-0.31304,0.17863,0.89206,-0.41511
19393,57.367,685.82,-78.429,0.26646,-0.45252,-0.85101,-0.94801,0.036333,-0.31615,0.17399,0.89101,-0.41932
19403,57.587,684.54,-78.295,0.26214,-0.45087,-0.85323,-0.94881,0.040985,-0.31316,0.17616,0.89165,-0.41705
19413,61.365,686.42,-78.09,0.29006,-0.46187,-0.83818,-0.94163,0.018649,-0.33614,0.17088,0.88675,-0.4295
19423,61.987,687.54,-78.427,0.28141,-0.46196,-0.84107,-0.94556,0.015838,-0.32507,0.16349,0.88676,-0.43235
19433,62.738,686.86,-78.412,0.27892,-0.46238,-0.84167,-0.94629,0.016938,-0.32289,0.16356,0.88652,-0.43282
19443,63.799,686.48,-78.39,0.27948,-0.46279,-0.84126,-0.94627,0.015698,-0.32301,0.16269,0.88633,-0.43354
19453,65.25,686.9,-78.455,0.28395,-0.46459,-0.83877,-0.94549,0.009806,-0.32551,0.15945,0.88547,-0.43648
19463,64.936,684.52,-78.352,0.27438,-0.46068,-0.84409,-0.94733,0.021276,-0.31955,0.16517,0.88731,-0.43058
19473,65.853,684.09,-78.325,0.27415,-0.46085,-0.84408,-0.94746,0.020981,-0.31918,0.1648,0.88723,-0.43088
19483,66.703,683.63,-78.395,0.273,-0.46107,-0.84432,-0.94786,0.0211,-0.31799,0.16443,0.88711,-0.43127
19493,67.455,683.14,-78.393,0.27142,-0.46199,-0.84433,-0.94827,0.021711,-0.31671,0.16465,0.88662,-0.4322
19503,68.799,682.65,-78.538,0.27039,-0.46337,-0.84391,-0.94859,0.021534,-0.31576,0.16448,0.88591,-0.43372
19513,68.218,679.68,-78.383,0.25666,-0.45922,-0.85044,-0.95094,0.037307,-0.30713,0.17277,0.88754,-0.42711
19523,69.139,679.5,-78.545,0.25508,-0.45958,-0.85072,-0.95183,0.035494,-0.30457,0.17017,0.88743,-0.42839
19533,70.596,679.61,-78.562,0.258,-0.46106,-0.84904,-0.95157,0.030826,-0.30589,0.16721,0.88684,-0.43077
19543,71.728,680.28,-78.53,0.26179,-0.46164,-0.84756,-0.95168,0.022606,-0.30626,0.16054,0.88678,-0.43341
19553,72.19,679.87,-78.453,0.2619,-0.45746,-0.84979,-0.95225,0.020667,-0.30461,0.15691,0.88899,-0.4302
19563,72.724,679.54,-78.549,0.26203,-0.45313,-0.85207,-0.95305,0.017358,-0.30232,0.15178,0.89128,-0.4273
19573,73.284,678.95,-78.479,0.26061,-0.44931,-0.85452,-0.95378,0.017353,-0.30001,0.14963,0.89321,-0.42402
19583,73.943,678.66,-78.603,0.25869,-0.44685,-0.85639,-0.95481,0.016005,-0.29677,0.14632,0.89446,-0.42252
19593,74.723,677.97,-78.57,0.25567,-0.44539,-0.85806,-0.95552,0.018582,-0.29435,0.14705,0.89514,-0.42082
19603,75.395,676.88,-78.693,0.25058,-0.44303,-0.86078,-0.95662,0.023165,-0.2904,0.1486,0.89621,-0.418
19613,76.487,676.49,-78.513,0.24971,-0.44575,-0.85962,-0.95664,0.023922,-0.2903,0.14996,0.89484,-0.42045
19623,77.485,675.86,-78.627,0.24916,-0.44656,-0.85936,-0.95664,0.024762,-0.29023,0.15089,0.89441,-0.42103
19633,76.91,672.52,-78.507,0.2326,-0.44257,-0.86604,-0.959,0.04389,-0.28,0.16193,0.89566,-0.41422
19643,76.758,670.09,-78.429,0.2231,-0.44037,-0.86966,-0.95988,0.056202,-0.27471,0.16985,0.89606,-0.41016
19653,78.97,670.97,-78.576,0.22952,-0.44721,-0.86448,-0.95913,0.047083,-0.27901,0.16548,0.89319,-0.41813
19663,81.312,672.8,-78.695,0.24089,-0.45485,-0.85737,-0.9577,0.031916,-0.28601,0.15745,0.88999,-0.42792
19673,81.649,671.18,-78.815,0.23586,-0.45269,-0.85991,-0.9585,0.037471,-0.28263,0.16017,0.89088,-0.42506
19683,83.165,671.89,-78.857,0.24189,-0.45609,-0.85643,-0.9579,0.028423,-0.28568,0.15464,0.88948,-0.43002
19693,83.777,671.39,-78.778,0.24212,-0.45502,-0.85693,-0.95817,0.02677,-0.28494,0.1526,0.89008,-0.4295
19703,84.466,670.88,-78.729,0.2417,-0.45445,-0.85735,-0.9585,0.025867,-0.28393,0.15121,0.8904,-0.42934
19713,86.472,671.35,-78.743,0.24933,-0.45792,-0.85331,-0.95715,0.017493,-0.28906,0.14729,0.88882,-0.43394
19723,86.33,669.42,-78.682,0.24135,-0.45486,-0.85723,-0.95844,0.026735,-0.28403,0.15211,0.89016,-0.42951
19733,86.748,667.32,-78.434,0.23491,-0.45393,-0.85951,-0.95905,0.035748,-0.28099,0.15828,0.89032,-0.42694
19743,87.872,666.87,-78.459,0.23388,-0.45613,-0.85863,-0.95924,0.035854,-0.28032,0.15865,0.88919,-0.42915
19753,90.977,668.37,-78.521,0.24611,-0.46513,-0.85034,-0.95698,0.022524,-0.28929,0.15371,0.88496,-0.43957
19763,90.278,665.64,-78.452,0.23535,-0.46188,-0.85515,-0.95821,0.036957,-0.28368,0.16263,0.88617,-0.43388
19773,91.375,664.95,-78.628,0.23294,-0.46442,-0.85443,-0.95865,0.038063,-0.28204,0.16351,0.8848,-0.43635
19783,93.932,665.65,-78.631,0.23831,-0.47141,-0.8491,-0.95765,0.031435,-0.28623,0.16162,0.88135,-0.44396
19793,91.513,661.08,-78.627,0.21226,-0.4609,-0.86169,-0.9616,0.058498,-0.26815,0.174,0.88552,-0.43078
19803,91.97,659.94,-78.546,0.21083,-0.45942,-0.86284,-0.96165,0.060948,-0.26742,0.17545,0.88613,-0.42895
19813,92.043,658.93,-78.535,0.2083,-0.45512,-0.86572,-0.96235,0.062659,-0.26449,0.17462,0.88822,-0.42493
19823,92.517,657.88,-78.371,0.20736,-0.45271,-0.86721,-0.96254,0.063914,-0.26352,0.17472,0.88937,-0.42249
19833,96.002,660.66,-78.531,0.22633,-0.46117,-0.85796,-0.96057,0.040368,-0.27509,0.1615,0.88639,-0.43385
19843,96.968,660.42,-78.523,0.22642,-0.46095,-0.85805,-0.961,0.037889,-0.27394,0.15879,0.88662,-0.4344
19853,97.798,659.61,-78.449,0.22511,-0.4605,-0.85864,-0.96117,0.039438,-0.27314,0.15964,0.88679,-0.43374
19863,97.918,657.74,-78.381,0.21756,-0.45806,-0.86189,-0.96207,0.048285,-0.26851,0.16461,0.88761,-0.43018
19873,99.299,658,-78.473,0.21944,-0.46093,-0.85988,-0.96207,0.044174,-0.26919,0.16206,0.88634,-0.43375
19883,100.2,657.03,-78.495,0.21687,-0.46127,-0.86035,-0.96226,0.047386,-0.26797,0.16437,0.88599,-0.43359
19893,100.8,656.11,-78.468,0.21383,-0.46126,-0.86112,-0.96266,0.05031,-0.26599,0.16601,0.88584,-0.43328
19903,101.84,655.47,-78.57,0.21262,-0.46159,-0.86123,-0.96287,0.051075,-0.26509,0.16635,0.88562,-0.43359
19913,102.93,654.63,-78.535,0.21043,-0.46257,-0.86125,-0.96315,0.052877,-0.26373,0.16753,0.88501,-0.43439
19923,101.49,650.73,-78.38,0.19283,-0.45496,-0.86938,-0.96496,0.072754,-0.25211,0.17795,0.88754,-0.42499
19933,104.7,653.31,-78.623,0.20657,-0.46432,-0.86124,-0.9643,0.052433,-0.25955,0.16567,0.88411,-0.43692
19943,104.19,650.95,-78.513,0.19761,-0.45959,-0.86587,-0.96544,0.061877,-0.25318,0.16994,0.88597,-0.43148
19953,104.94,650.09,-78.404,0.19717,-0.45928,-0.86613,-0.96562,0.06167,-0.25253,0.16939,0.88615,-0.43133
19963,106.03,650.2,-78.486,0.20068,-0.46002,-0.86493,-0.96567,0.055785,-0.25372,0.16497,0.88615,-0.43304
19973,106.28,649.07,-78.496,0.19789,-0.45755,-0.86688,-0.96634,0.057268,-0.25083,0.16441,0.88734,-0.43082
19983,106.73,648.22,-78.487,0.19674,-0.45583,-0.86805,-0.96666,0.057817,-0.24945,0.1639,0.88819,-0.42926
19993,107.05,646.94,-78.424,0.19375,-0.45381,-0.86978,-0.96696,0.061363,-0.24742,0.16565,0.88898,-0.42693
20003,108.46,647.61,-78.493,0.199,-0.45769,-0.86656,-0.96666,0.053747,-0.25037,0.16117,0.88749,-0.43173
20013,109.26,646.61,-78.415,0.19694,-0.45832,-0.8667,-0.96656,0.057333,-0.24995,0.16425,0.88694,-0.4317
20023,109.95,645.8,-78.507,0.19363,-0.45902,-0.86707,-0.96696,0.060093,-0.24775,0.16583,0.88639,-0.43222
20033,110.69,645.12,-78.72,0.1913,-0.45979,-0.86718,-0.96747,0.060667,-0.24559,0.16553,0.88596,-0.43323
20043,111.9,642.1,-78.306,0.20213,-0.46234,-0.86336,-0.96331,0.065102,-0.26039,0.17659,0.88431,-0.43221
20053,112.58,641.51,-78.365,0.19936,-0.46361,-0.86332,-0.96383,0.066259,-0.25815,0.17688,0.88356,-0.43363
20063,112.82,642.8,-78.764,0.1866,-0.46298,-0.8665,-0.96801,0.063961,-0.24263,0.16776,0.88406,-0.43624
20073,113.42,642.3,-78.788,0.18658,-0.46309,-0.86645,-0.96833,0.062261,-0.2418,0.16592,0.88412,-0.43681
20083,114.04,641.85,-78.814,0.18709,-0.46336,-0.86619,-0.96869,0.059463,-0.24104,0.1632,0.88417,-0.43773
20093,114.68,640.72,-78.724,0.1841,-0.46263,-0.86723,-0.96919,0.061466,-0.23854,0.16366,0.88442,-0.43706
20103,114.96,639.44,-78.594,0.18085,-0.46194,-0.86828,-0.96958,0.064347,-0.23618,0.16497,0.88457,-0.43625
20113,115.55,639.03,-78.689,0.18066,-0.46242,-0.86806,-0.96996,0.06244,-0.23513,0.16293,0.88446,-0.43725
20123,116.68,638.8,-78.61,0.18298,-0.46513,-0.86613,-0.96961,0.060142,-0.23714,0.16239,0.8832,-0.43999
20133,117.17,638.17,-78.607,0.18369,-0.4663,-0.86535,-0.96936,0.060112,-0.23816,0.16307,0.88258,-0.44097
20143,118.03,637.15,-78.624,0.1815,-0.46653,-0.86568,-0.96941,0.063015,-0.23721,0.16522,0.88226,-0.44083
20153,118.43,636.22,-78.691,0.17813,-0.46615,-0.86659,-0.96977,0.066087,-0.23489,0.16677,0.88223,-0.44029
20163,119.19,635.72,-78.747,0.17839,-0.46666,-0.86626,-0.96962,0.066396,-0.23544,0.16739,0.88194,-0.44063
20173,119.94,635.19,-78.8,0.17729,-0.46732,-0.86613,-0.96984,0.066631,-0.23447,0.16728,0.88158,-0.44141
20183,120.41,634.56,-78.838,0.17554,-0.46633,-0.86702,-0.97022,0.067385,-0.23267,0.16693,0.88204,-0.44062
20193,121.84,635.21,-78.921,0.1795,-0.4692,-0.86465,-0.97049,0.059414,-0.23371,0.16103,0.88109,-0.44469
20203,122.1,634.2,-78.922,0.17688,-0.46749,-0.86612,-0.97076,0.062219,-0.23184,0.16227,0.88181,-0.44282
20213,121.81,632.36,-78.815,0.16937,-0.4642,-0.86938,-0.97141,0.070297,-0.22678,0.16639,0.88294,-0.43902
20223,123.26,632.94,-78.942,0.17373,-0.46742,-0.8668,-0.97144,0.063111,-0.22873,0.16162,0.88178,-0.4431
20233,121.78,629.33,-78.647,0.15862,-0.45999,-0.87364,-0.97213,0.081927,-0.21964,0.17261,0.88414,-0.43418
20243,124.15,631.23,-78.896,0.16993,-0.46719,-0.86767,-0.9719,0.066095,-0.22593,0.1629,0.88168,-0.44283
20253,123.91,629.36,-78.747,0.16416,-0.46422,-0.87037,-0.97218,0.073337,-0.22248,0.16711,0.88268,-0.43927
20263,125.69,630.58,-78.915,0.1731,-0.46864,-0.86626,-0.97179,0.061775,-0.22761,0.16018,0.88123,-0.44473
20273,124.86,628.45,-78.844,0.16342,-0.46347,-0.87091,-0.97278,0.07134,-0.22049,0.16432,0.88323,-0.4392
20283,125.81,628.53,-78.807,0.16582,-0.46465,-0.86983,-0.97281,0.06756,-0.22154,0.16171,0.88291,-0.44082
20293,125.7,627,-78.649,0.16126,-0.46207,-0.87206,-0.97288,0.07405,-0.21914,0.16583,0.88375,-0.43759
20303,125.55,625.68,-78.625,0.1558,-0.45961,-0.87435,-0.97329,0.079673,-0.21531,0.16862,0.88454,-0.43492
20313,127.12,626.14,-78.621,0.1611,-0.46403,-0.87105,-0.97287,0.073805,-0.21925,0.16602,0.88274,-0.43955
20323,126.57,624.01,-78.609,0.15199,-0.46041,-0.8746,-0.97317,0.084964,-0.21384,0.17277,0.88363,-0.43514
20333,128.62,625.14,-78.765,0.15941,-0.46694,-0.8698,-0.97291,0.075146,-0.21865,0.16746,0.88109,-0.44231
20343,128.24,623.3,-78.742,0.1526,-0.46407,-0.87255,-0.97314,0.083418,-0.21456,0.17236,0.88186,-0.43888
20353,129.22,623.28,-78.773,0.15456,-0.4659,-0.87123,-0.97324,0.079975,-0.21543,0.17005,0.88121,-0.44107
20363,130.12,623.45,-78.889,0.15807,-0.46696,-0.87004,-0.97349,0.073797,-0.21648,0.16529,0.88119,-0.44292
20373,129.66,621.98,-78.81,0.15404,-0.46219,-0.8733,-0.97383,0.078476,-0.2133,0.16712,0.8833,-0.438
20383,130.6,621.97,-78.811,0.15711,-0.46344,-0.87209,-0.97391,0.073731,-0.21463,0.16377,0.88306,-0.43976
20393,130.62,620.94,-78.803,0.15375,-0.46146,-0.87374,-0.97434,0.076291,-0.21175,0.16437,0.88388,-0.43789
20403,131.09,620.11,-78.761,0.15227,-0.46151,-0.87397,-0.97453,0.077177,-0.21054,0.16462,0.88377,-0.43801
20413,130.32,617.77,-78.686,0.14178,-0.45711,-0.87804,-0.97498,0.088913,-0.20372,0.17119,0.88495,-0.43307
20423,131.45,617.77,-78.755,0.14354,-0.46032,-0.87607,-0.97502,0.085854,-0.20486,0.16952,0.88359,-0.4365
20433,130.93,615.8,-78.717,0.13519,-0.4568,-0.87924,-0.97536,0.094798,-0.19922,0.17435,0.88451,-0.43272
20443,132.28,616.21,-78.76,0.13963,-0.46041,-0.87666,-0.97551,0.088021,-0.2016,0.16998,0.88333,-0.43684
20453,132.44,615.93,-78.821,0.14208,-0.45963,-0.87667,-0.97568,0.084321,-0.20233,0.16692,0.8841,-0.43647
20463,133.45,615.1,-78.769,0.1404,-0.46157,-0.87592,-0.97596,0.08444,-0.20093,0.16671,0.88308,-0.43861
20473,134.59,615.15,-78.774,0.14464,-0.46457,-0.87364,-0.97589,0.078887,-0.20351,0.16347,0.88201,-0.44196
20483,131.1,609.4,-78.385,0.11889,-0.44909,-0.88554,-0.97614,0.11034,-0.18701,0.1817,0.88665,-0.42526
20493,132.4,609.48,-78.494,0.12314,-0.45234,-0.8833,-0.97612,0.1053,-0.19001,0.17896,0.8856,-0.42857
20503,132.25,607.89,-78.483,0.11838,-0.45016,-0.88506,-0.97605,0.11109,-0.18706,0.18253,0.88601,-0.42623
20513,133.45,607.94,-78.617,0.12184,-0.4528,-0.88325,-0.97626,0.1059,-0.18896,0.1791,0.8853,-0.42914
20523,133.52,606.81,-78.613,0.11892,-0.45099,-0.88457,-0.97657,0.1078,-0.18625,0.17936,0.88599,-0.42761
20533,134.26,606.62,-78.639,0.12045,-0.45171,-0.884,-0.97694,0.1042,-0.18636,0.1763,0.88606,-0.42874
20543,134.03,604.81,-78.509,0.11494,-0.4486,-0.88631,-0.97704,0.11009,-0.18243,0.17941,0.88693,-0.42565
20553,134.87,604.64,-78.642,0.11684,-0.44979,-0.88546,-0.97752,0.10549,-0.18257,0.17552,0.88688,-0.42735
20563,135.03,603.46,-78.614,0.11467,-0.44839,-0.88645,-0.97749,0.10816,-0.18116,0.17711,0.88727,-0.42589
20573,135.28,602.38,-78.663,0.11185,-0.44758,-0.88722,-0.97765,0.11037,-0.17893,0.17801,0.88741,-0.42523
20583,134.77,600.24,-78.58,0.10441,-0.44383,-0.89001,-0.9775,0.11912,-0.17408,0.18328,0.88816,-0.4214
20593,135.34,599.56,-78.634,0.10396,-0.44454,-0.8897,-0.97774,0.11827,-0.17334,0.18228,0.88792,-0.42235
20603,139.01,601.98,-78.825,0.1223,-0.45729,-0.88087,-0.97796,0.09579,-0.18551,0.16921,0.88415,-0.43549
20613,138.86,600.45,-78.763,0.1184,-0.45498,-0.8826,-0.97801,0.10027,-0.18289,0.1717,0.88484,-0.4331
20623,139.53,599.76,-78.719,0.11878,-0.45592,-0.88206,-0.97814,0.09899,-0.18288,0.17069,0.8845,-0.43419
20633,139.75,598.69,-78.624,0.11742,-0.45518,-0.88262,-0.9781,0.1008,-0.18211,0.17186,0.88468,-0.43337
20643,139.84,597.42,-78.642,0.115,-0.45396,-0.88357,-0.97821,0.10305,-0.18026,0.17289,0.88504,-0.43222
20653,139.7,596.33,-78.656,0.11189,-0.45176,-0.88509,-0.97835,0.10594,-0.17776,0.17408,0.88582,-0.43013
20663,140.52,596.13,-78.793,0.11478,-0.45338,-0.88389,-0.97852,0.10179,-0.17928,0.17125,0.88548,-0.43196
20673,141.29,595.86,-78.831,0.11711,-0.45459,-0.88297,-0.97861,0.098615,-0.18057,0.16916,0.88522,-0.43332
20683,140.95,594.32,-78.753,0.1136,-0.45158,-0.88497,-0.97853,0.10332,-0.17833,0.17197,0.88623,-0.43014
20693,140.92,592.99,-78.712,0.11132,-0.4498,-0.88617,-0.97835,0.10695,-0.17719,0.17447,0.8867,-0.42815
20703,141.01,592.01,-78.704,0.10861,-0.44901,-0.8869,-0.97854,0.10886,-0.17495,0.1751,0.88687,-0.42755
20713,141.16,590.99,-78.714,0.10699,-0.44828,-0.88747,-0.97857,0.1105,-0.17378,0.17597,0.88704,-0.42685
20723,141.15,589.8,-78.695,0.10461,-0.44712,-0.88833,-0.97843,0.11371,-0.17245,0.17812,0.88721,-0.42559
20733,141.3,589.1,-78.766,0.10244,-0.44714,-0.88858,-0.97874,0.11427,-0.17034,0.1777,0.88713,-0.42593
20743,143.07,589.84,-78.774,0.11175,-0.45328,-0.88434,-0.97862,0.10445,-0.1772,0.17269,0.88523,-0.43191
20753,142.41,588.02,-78.643,0.10601,-0.45015,-0.88664,-0.97865,0.11066,-0.17319,0.17607,0.88607,-0.42881
20763,142.33,587.11,-78.607,0.10455,-0.44943,-0.88718,-0.97877,0.11163,-0.17189,0.17629,0.88631,-0.42822
20773,143.4,587.46,-78.723,0.11082,-0.45371,-0.88423,-0.97895,0.10358,-0.17585,0.17138,0.88511,-0.43268
20783,143.05,586.35,-78.662,0.10933,-0.45249,-0.88504,-0.9789,0.10564,-0.17493,0.17265,0.88549,-0.43139
20793,142.31,584.34,-78.566,0.10523,-0.44955,-0.88703,-0.97853,0.11216,-0.17292,0.17723,0.88618,-0.4281
20803,143.23,584.91,-78.769,0.11265,-0.45325,-0.88424,-0.97851,0.10408,-0.17801,0.17271,0.88529,-0.43179
20813,141.76,582.4,-78.648,0.10407,-0.44741,-0.88825,-0.97815,0.11555,-0.17281,0.17996,0.88683,-0.42561
20823,141.29,581.5,-78.647,0.10481,-0.44598,-0.88888,-0.97784,0.11665,-0.17383,0.18121,0.88741,-0.42387
20833,141.46,581.01,-78.8,0.10484,-0.44615,-0.88879,-0.97796,0.11599,-0.17358,0.18054,0.88741,-0.42416
20843,141.12,580.07,-78.681,0.1032,-0.44548,-0.88932,-0.97788,0.1181,-0.17264,0.18193,0.88747,-0.42344
20853,142.27,580.16,-78.728,0.10747,-0.45011,-0.88648,-0.97805,0.11224,-0.17556,0.17852,0.88589,-0.42816
20863,142.13,579.54,-78.779,0.10608,-0.44994,-0.88673,-0.97823,0.11276,-0.17424,0.17838,0.88591,-0.42819
20873,141.07,576.64,-78.46,0.10868,-0.44659,-0.88811,-0.97614,0.12101,-0.1803,0.18799,0.88652,-0.42279
20883,143.33,579.7,-78.818,0.11498,-0.4556,-0.88273,-0.97818,0.10287,-0.18051,0.17304,0.88422,-0.43383
20893,140.84,575.13,-78.449,0.11024,-0.44669,-0.88787,-0.976,0.12015,-0.18163,0.18781,0.88659,-0.42272
20903,140.44,576.11,-78.703,0.1038,-0.4454,-0.88929,-0.97817,0.11612,-0.17233,0.18002,0.88777,-0.42362
20913,140.18,575.44,-78.682,0.10578,-0.44483,-0.88935,-0.9781,0.11468,-0.17369,0.17925,0.88824,-0.42296
20923,140,574.82,-78.641,0.10731,-0.44496,-0.8891,-0.97801,0.1136,-0.17489,0.17882,0.88832,-0.42298
20933,139.75,573.95,-78.518,0.10889,-0.44435,-0.88921,-0.9777,0.11374,-0.17656,0.17959,0.8886,-0.42206
20943,139.6,573.46,-78.518,0.11044,-0.44428,-0.88906,-0.97762,0.1126,-0.17771,0.17906,0.88878,-0.4219
20953,139.44,573.03,-78.612,0.11064,-0.4441,-0.88912,-0.97796,0.11077,-0.17702,0.1771,0.8891,-0.42206
20963,139.39,572.33,-78.579,0.11092,-0.44422,-0.88902,-0.97775,0.11147,-0.17769,0.17803,0.88896,-0.42198
20973,139.14,571.37,-78.494,0.10959,-0.44341,-0.88959,-0.97759,0.11379,-0.17715,0.17977,0.88907,-0.421
20983,138.93,570.69,-78.5,0.10818,-0.44276,-0.89009,-0.97766,0.11493,-0.17599,0.18022,0.88925,-0.42043
20993,138.9,570.08,-78.531,0.10729,-0.44273,-0.89021,-0.97772,0.11549,-0.17527,0.1804,0.88919,-0.42048
21003,138.66,569.34,-78.548,0.10638,-0.44176,-0.8908,-0.97776,0.11639,-0.17448,0.18076,0.88955,-0.41955
21013,138.54,568.62,-78.566,0.10624,-0.44116,-0.89112,-0.9777,0.11694,-0.17445,0.18116,0.88978,-0.41889
21023,138.31,567.95,-78.571,0.10682,-0.43987,-0.89169,-0.9776,0.1171,-0.17487,0.18134,0.8904,-0.41751
21033,139.72,568.73,-78.733,0.11495,-0.44463,-0.88831,-0.97772,0.10745,-0.18031,0.17561,0.88925,-0.42237
21043,138.01,566.37,-78.532,0.10782,-0.43767,-0.89265,-0.97718,0.11866,-0.17621,0.18304,0.89127,-0.41489
21053,139.82,567.55,-78.753,0.11699,-0.4441,-0.88831,-0.97751,0.10654,-0.182,0.17546,0.88962,-0.42165
21063,139.85,566.79,-78.801,0.11705,-0.44366,-0.88852,-0.97747,0.10679,-0.18208,0.17566,0.88981,-0.42116
21073,137.89,564.21,-78.611,0.10601,-0.43603,-0.89367,-0.97738,0.1197,-0.17435,0.183,0.89194,-0.41348
21083,139.54,565.12,-78.852,0.11291,-0.44178,-0.88999,-0.97803,0.10859,-0.17797,0.17527,0.89053,-0.41981
21093,140.57,565.5,-78.834,0.11735,-0.44567,-0.88747,-0.97842,0.10117,-0.18019,0.17009,0.88946,-0.42418
21103,139.82,563.95,-78.755,0.11268,-0.44221,-0.8898,-0.97856,0.10601,-0.17661,0.17243,0.89062,-0.42078
21113,140.3,564.03,-78.85,0.11462,-0.44409,-0.88862,-0.97908,0.10089,-0.17671,0.16813,0.89028,-0.42324
21123,139.93,562.67,-78.76,0.11224,-0.44249,-0.88972,-0.9789,0.10461,-0.17552,0.17074,0.89065,-0.42141
21133,140.42,562.48,-78.782,0.11572,-0.44446,-0.88829,-0.97877,0.10128,-0.17819,0.16916,0.89006,-0.4233
21143,140.39,561.47,-78.747,0.11547,-0.4444,-0.88835,-0.97859,0.10253,-0.17849,0.1704,0.88994,-0.42305
21153,139.91,559.89,-78.559,0.11299,-0.4424,-0.88967,-0.9781,0.10799,-0.17792,0.17479,0.89029,-0.42051
21163,138.78,557.76,-78.509,0.10459,-0.43824,-0.89275,-0.97808,0.11722,-0.17212,0.18008,0.89118,-0.41638
21173,138.94,557.08,-78.484,0.10397,-0.43915,-0.89238,-0.9781,0.11752,-0.17179,0.18032,0.8907,-0.41731
21183,139.6,557.18,-78.709,0.10724,-0.44191,-0.89063,-0.97847,0.11199,-0.17338,0.17636,0.89004,-0.42039
21193,139.11,555.75,-78.64,0.104,-0.44009,-0.89191,-0.97842,0.11574,-0.17119,0.17857,0.89047,-0.41855
21203,139.07,554.58,-78.631,0.1019,-0.44005,-0.89217,-0.97838,0.11793,-0.16992,0.17999,0.8902,-0.41852
21213,139.42,554.24,-78.726,0.10443,-0.44141,-0.89121,-0.97849,0.11471,-0.17147,0.17792,0.88994,-0.41994
21223,139.08,553.26,-78.821,0.10158,-0.44028,-0.8921,-0.97885,0.11582,-0.16862,0.17757,0.89036,-0.4192
21233,138.96,552.16,-78.815,0.10192,-0.43991,-0.89224,-0.9787,0.11636,-0.16916,0.17823,0.89047,-0.41868
21243,139.4,551.84,-78.836,0.10327,-0.44205,-0.89103,-0.97902,0.113,-0.16954,0.17563,0.88985,-0.4211
21253,139.11,550.77,-78.839,0.10194,-0.44074,-0.89183,-0.97907,0.11431,-0.1684,0.17616,0.89033,-0.41986
21263,138.15,548.73,-78.651,0.095854,-0.43716,-0.89426,-0.97887,0.12164,-0.16439,0.18064,0.89112,-0.41626
21273,140.74,551.04,-78.975,0.11171,-0.44773,-0.88716,-0.97941,0.10144,-0.17452,0.16814,0.88839,-0.42718
21283,138.84,547.81,-78.701,0.099237,-0.44038,-0.89231,-0.9791,0.11676,-0.16651,0.17751,0.89019,-0.4196
21293,139.75,548.06,-78.791,0.10404,-0.4445,-0.88972,-0.97942,0.10977,-0.16937,0.17295,0.88903,-0.42394
21303,137.77,544.82,-78.481,0.092947,-0.43654,-0.89487,-0.97872,0.12508,-0.16267,0.18294,0.89095,-0.41562
21313,139.39,545.93,-78.695,0.10223,-0.4436,-0.89038,-0.9792,0.11283,-0.16864,0.17527,0.8891,-0.42283
21323,140.17,545.75,-78.72,0.10679,-0.4472,-0.88804,-0.97899,0.10877,-0.17249,0.17373,0.8878,-0.42618
21333,139.99,544.87,-78.784,0.10578,-0.4468,-0.88836,-0.97909,0.10931,-0.17157,0.17377,0.88793,-0.42589
21343,139.61,543.4,-78.727,0.10192,-0.44593,-0.88924,-0.97904,0.11348,-0.16913,0.17633,0.88784,-0.42502
21353,138.19,540.97,-78.656,0.092934,-0.44093,-0.89272,-0.97888,0.12352,-0.16291,0.1821,0.889,-0.42014
21363,138.61,540.57,-78.756,0.094657,-0.44326,-0.89138,-0.9792,0.11998,-0.16365,0.17949,0.88833,-0.42268
21373,138.64,539.83,-78.764,0.094834,-0.44403,-0.89098,-0.9793,0.11915,-0.16362,0.17881,0.88805,-0.42354
21383,137.51,537.76,-78.741,0.088013,-0.44051,-0.89342,-0.97938,0.12546,-0.15834,0.18184,0.88894,-0.42038
21393,138.41,537.92,-78.799,0.094087,-0.44501,-0.89057,-0.9796,0.11818,-0.16255,0.17759,0.88769,-0.42482
21403,138.09,536.82,-78.81,0.093211,-0.44432,-0.89101,-0.97979,0.11813,-0.1614,0.17697,0.88805,-0.42433
21413,137.9,535.7,-78.709,0.092234,-0.44434,-0.8911,-0.97986,0.11867,-0.16059,0.1771,0.88796,-0.42445
21423,138.97,535.9,-78.734,0.098949,-0.44936,-0.88785,-0.98009,0.11035,-0.16508,0.17216,0.88651,-0.4295
21433,138.52,534.73,-78.709,0.095797,-0.44811,-0.88883,-0.98034,0.11229,-0.16227,0.17252,0.8869,-0.42854
21443,137.69,532.87,-78.62,0.089653,-0.44519,-0.89094,-0.98033,0.11848,-0.15785,0.17583,0.88756,-0.42581
21453,138.14,532.61,-78.722,0.091476,-0.44692,-0.88988,-0.98076,0.11432,-0.15823,0.17245,0.88724,-0.42787
21463,137.25,530.88,-78.639,0.085367,-0.44302,-0.89244,-0.98061,0.12122,-0.15398,0.1764,0.88828,-0.42408
21473,137.19,529.92,-78.681,0.083667,-0.44255,-0.89283,-0.98071,0.12227,-0.15251,0.17666,0.88837,-0.42378
21483,136.99,528.77,-78.618,0.082481,-0.44142,-0.8935,-0.98043,0.12486,-0.15219,0.17874,0.88857,-0.42249
21493,138.18,529.33,-78.818,0.088334,-0.44623,-0.89055,-0.98094,0.1164,-0.15562,0.1731,0.88731,-0.42744
21503,137.82,527.83,-78.818,0.084127,-0.44486,-0.89164,-0.98097,0.12016,-0.15251,0.17499,0.8875,-0.42628
21513,137.69,526.97,-78.839,0.083159,-0.44426,-0.89203,-0.98104,0.12074,-0.15159,0.17504,0.88773,-0.42579
21523,137.18,525.56,-78.849,0.079754,-0.44229,-0.89332,-0.98096,0.12437,-0.14915,0.17707,0.88821,-0.42396
21533,137.2,524.93,-78.902,0.079262,-0.44282,-0.8931,-0.98127,0.12313,-0.14813,0.17556,0.88812,-0.42477
21543,137.06,523.9,-78.803,0.077664,-0.44261,-0.89334,-0.98142,0.12374,-0.14663,0.17544,0.88814,-0.42478
21553,137.48,523.57,-78.888,0.080757,-0.44461,-0.89207,-0.98162,0.11982,-0.14858,0.17294,0.88767,-0.42677
21563,136.07,521.27,-78.751,0.072054,-0.43911,-0.89554,-0.98142,0.12888,-0.14216,0.17784,0.88914,-0.42166
