3261.4 -223.18 1212.3 367.16 -0.1649 0.30174 -0.93902 -0.39749 -0.89165 -0.21672 -0.90267 0.33752 0.26698
3271.4 -114.6 1006.8 175.16 -0.98018 0.19705 -0.020336 0.066168 0.42242 0.90398 0.18672 0.88472 -0.42709
3281.4 -116.74 1008 175.65 -0.97764 0.20967 -0.016337 0.074171 0.41645 0.90613 0.19679 0.88465 -0.42269
3291.4 -116.53 1007.8 175.66 -0.97788 0.20844 -0.017385 0.072918 0.41763 0.90569 0.19604 0.88439 -0.42359
3301.4 -117.94 1009.9 175.6 -0.97575 0.21876 -0.007719 0.084277 0.40799 0.90909 0.20202 0.88639 -0.41653
3311.4 -117.9 1009.9 175.62 -0.97575 0.21875 -0.008226 0.083896 0.4084 0.90894 0.20219 0.88621 -0.41684
3321.4 -114.45 1006.2 175.37 -0.98019 0.19664 -0.023718 0.063593 0.42585 0.90256 0.18758 0.88317 -0.42992
3331.4 -114.41 1006.2 175.35 -0.98017 0.19676 -0.023463 0.06391 0.42599 0.90247 0.18757 0.88308 -0.43011
3341.4 -114.36 1006.1 175.4 -0.98014 0.19689 -0.023513 0.064015 0.42643 0.90225 0.18767 0.88283 -0.43056
3351.4 -117.71 1009.7 175.61 -0.97573 0.21879 -0.008986 0.083452 0.40948 0.90849 0.20245 0.8857 -0.4178
3361.4 -114.34 1006.2 175.38 -0.98004 0.19747 -0.023001 0.064745 0.42642 0.90221 0.18796 0.88271 -0.43069
3371.4 -117.94 1010 175.61 -0.97527 0.22092 -0.006221 0.086771 0.40864 0.90856 0.20327 0.88555 -0.4177
3381.4 -117.9 1010 175.63 -0.97528 0.2209 -0.006324 0.086695 0.40878 0.90851 0.20327 0.8855 -0.41783
3391.4 -114.29 1006.2 175.39 -0.97996 0.19798 -0.022241 0.06578 0.42692 0.90189 0.18805 0.88235 -0.43139
3401.4 -114.29 1006.2 175.37 -0.97992 0.19815 -0.022191 0.065906 0.42693 0.90188 0.18818 0.88231 -0.43141
3411.4 -118.02 1010.3 175.59 -0.97499 0.22219 -0.005181 0.088052 0.40757 0.90892 0.20407 0.88573 -0.41694
3421.4 -114.22 1006.1 175.39 -0.98001 0.19758 -0.023211 0.06475 0.42712 0.90188 0.18811 0.88235 -0.43137
3431.4 -114.28 1006.2 175.39 -0.97996 0.19789 -0.022776 0.065247 0.4269 0.90194 0.18821 0.88238 -0.43126
3441.4 -114.3 1006.2 175.37 -0.97998 0.19779 -0.022903 0.065023 0.42662 0.90209 0.1882 0.88254 -0.43094
3451.4 -114.34 1006.2 175.39 -0.97994 0.19797 -0.022761 0.065189 0.42641 0.90218 0.18831 0.8826 -0.43077
3461.4 -114.3 1006.2 175.36 -0.98005 0.19741 -0.023081 0.064541 0.42592 0.90246 0.18799 0.88296 -0.43016
3471.4 -114.29 1006.2 175.39 -0.98012 0.19705 -0.02306 0.064375 0.42582 0.90252 0.18766 0.88309 -0.43004
3481.4 -118.24 1010.5 175.56 -0.97498 0.22226 -0.00446 0.088187 0.40511 0.91 0.20406 0.88684 -0.41458
3491.4 -114.31 1006.1 175.37 -0.98023 0.19658 -0.022714 0.06434 0.42515 0.90283 0.18713 0.88352 -0.42939
3501.4 -117.86 1010 175.59 -0.97567 0.21915 -0.006604 0.085317 0.40724 0.90933 0.20197 0.88664 -0.41602
3511.4 -117.84 1009.8 175.63 -0.97578 0.21865 -0.006858 0.084921 0.4075 0.90925 0.20161 0.88664 -0.41619
3521.4 -114.62 1006.8 175.15 -0.98001 0.19793 -0.020133 0.06645 0.42102 0.90461 0.18753 0.88519 -0.42576
3531.4 -117.53 1009.5 175.59 -0.97632 0.21615 -0.00861 0.082312 0.40801 0.90926 0.20005 0.88702 -0.41614
3541.4 -117.57 1009.4 175.63 -0.97632 0.21616 -0.008661 0.082314 0.40821 0.90917 0.20006 0.88693 -0.41634
3551.4 -114.4 1006.1 175.4 -0.98041 0.19565 -0.022708 0.063591 0.42353 0.90365 0.18642 0.8845 -0.42768
3561.4 -114.45 1006.2 175.36 -0.98035 0.19594 -0.022852 0.063399 0.42265 0.90407 0.1868 0.88486 -0.42677
3571.4 -114.45 1006 175.43 -0.98036 0.1959 -0.022771 0.063545 0.42307 0.90387 0.1867 0.88467 -0.42721
3581.4 -114.48 1006.2 175.4 -0.98034 0.196 -0.022899 0.06322 0.42188 0.90444 0.18693 0.88521 -0.42598
3591.4 -117.96 1009.8 175.71 -0.97579 0.21859 -0.007689 0.083426 0.40444 0.91075 0.20219 0.88806 -0.41288
3601.4 -118.42 1010.4 175.75 -0.97506 0.22187 -0.005882 0.085809 0.40129 0.91192 0.20469 0.88867 -0.41032
3611.4 -114.46 1006.5 175.29 -0.98012 0.19708 -0.022822 0.063253 0.41944 0.90558 0.18804 0.88613 -0.42357
3621.4 -114.39 1006.5 175.29 -0.98011 0.197 -0.024155 0.061915 0.4191 0.90583 0.18857 0.88631 -0.42296
3631.4 -115.68 1006.8 175.79 -0.97855 0.20442 -0.0257 0.063409 0.4175 0.90646 0.19603 0.88539 -0.4215
3641.4 -114.32 1006.6 175.27 -0.97991 0.19762 -0.026818 0.0596 0.41851 0.90626 0.19032 0.88645 -0.42188
3651.4 -118.2 1010.3 175.82 -0.97474 0.22301 -0.012148 0.080359 0.40094 0.91257 0.20839 0.88855 -0.40873
3661.4 -114.09 1005.9 175.54 -0.97989 0.19709 -0.031232 0.055917 0.42144 0.90513 0.19156 0.88518 -0.42399
3671.4 -114.04 1005.9 175.54 -0.97981 0.19742 -0.031509 0.055887 0.4218 0.90496 0.19195 0.88493 -0.42432
3681.4 -116.15 1007.5 175.83 -0.97721 0.21064 -0.026304 0.064763 0.41384 0.90804 0.20216 0.88564 -0.41805
3691.4 -117.88 1010 175.83 -0.97456 0.22371 -0.013752 0.079294 0.40153 0.91241 0.20963 0.88811 -0.40905
3701.4 -118 1010.3 175.9 -0.97419 0.22542 -0.011538 0.081815 0.4003 0.91272 0.21036 0.88823 -0.40842
3711.4 -117.8 1010 176 -0.97428 0.225 -0.012258 0.081168 0.40117 0.9124 0.21021 0.88794 -0.40911
3721.4 -117.69 1010 176.04 -0.97424 0.22523 -0.011136 0.082289 0.40105 0.91235 0.20996 0.88794 -0.40926
3731.4 -115.89 1007.7 176.03 -0.97665 0.21361 -0.022802 0.068971 0.41232 0.90842 0.20345 0.88564 -0.41743
3741.4 -117.87 1010.5 176.05 -0.97344 0.22876 -0.009365 0.084965 0.39892 0.91304 0.2126 0.88799 -0.40776
3751.4 -113.57 1005.9 175.76 -0.97894 0.20193 -0.029846 0.059272 0.42112 0.90507 0.19533 0.88424 -0.42422
3761.4 -113.51 1005.7 175.73 -0.97879 0.20248 -0.031351 0.058354 0.42216 0.90464 0.19641 0.88362 -0.42501
3771.4 -117.43 1010.1 175.98 -0.97334 0.22892 -0.014608 0.080985 0.40253 0.91182 0.21461 0.88632 -0.41033
3781.4 -117 1009.6 176.01 -0.97371 0.22711 -0.017813 0.077932 0.40556 0.91074 0.21406 0.88541 -0.41259
3791.4 -113.29 1005.8 175.73 -0.97827 0.2043 -0.035239 0.056054 0.4243 0.90378 0.19959 0.88217 -0.42654
3801.4 -113.18 1005.8 175.78 -0.97809 0.20494 -0.036646 0.055351 0.42566 0.90319 0.2007 0.88137 -0.42768
3811.4 -116.87 1009.9 176.13 -0.97292 0.23024 -0.020432 0.077425 0.40791 0.90973 0.21779 0.88352 -0.41469
3821.4 -116.59 1009.7 176.14 -0.97295 0.22988 -0.023066 0.075245 0.40969 0.90912 0.21844 0.88279 -0.4159
3831.4 -112.9 1006.1 175.81 -0.9774 0.20777 -0.039086 0.054835 0.42768 0.90226 0.20418 0.87973 -0.42941
3841.4 -116.75 1010.3 176.16 -0.97184 0.23457 -0.022308 0.077904 0.40923 0.9091 0.22237 0.88177 -0.41598
3851.3 -116.52 1010.5 176.14 -0.97164 0.23527 -0.023568 0.077048 0.40927 0.90916 0.22355 0.88156 -0.41579
3861.3 -112.4 1006.6 175.77 -0.97662 0.21093 -0.041386 0.054421 0.4289 0.90171 0.20795 0.87838 -0.43036
3871.3 -116.11 1011 176.05 -0.97115 0.23728 -0.023752 0.077652 0.40884 0.90929 0.22547 0.88122 -0.41547
3881.3 -111.74 1006.9 175.64 -0.97647 0.21144 -0.042368 0.053692 0.42867 0.90186 0.20885 0.87837 -0.42994
3891.3 -115.47 1011.8 175.83 -0.97104 0.23779 -0.023322 0.077557 0.40603 0.91056 0.22599 0.88238 -0.41271
3901.3 -110.83 1007.6 175.39 -0.97683 0.20979 -0.042446 0.052246 0.42602 0.90321 0.20757 0.88006 -0.4271
3911.3 -114.15 1012 175.55 -0.97224 0.23267 -0.024919 0.073543 0.40492 0.91139 0.22215 0.88426 -0.41079
3921.3 -109.79 1008.4 175.01 -0.97776 0.20562 -0.041433 0.050393 0.42202 0.90518 0.20361 0.88296 -0.423
3931.3 -112.53 1012.1 175.1 -0.97424 0.22387 -0.02723 0.067412 0.40431 0.91214 0.21521 0.8868 -0.40898
3941.3 -108.61 1009.1 174.57 -0.97906 0.19897 -0.04304 0.045218 0.41869 0.907 0.19849 0.88606 -0.41892
3951.3 -108.21 1009.9 174.2 -0.97952 0.19681 -0.042448 0.044165 0.41573 0.90841 0.19643 0.88794 -0.41591
3961.3 -108.93 1010.5 174.45 -0.9787 0.20042 -0.044449 0.043342 0.41337 0.90953 0.20066 0.88824 -0.41325
3971.3 -107.06 1009.9 174 -0.9806 0.1902 -0.047342 0.036992 0.41679 0.90825 0.19248 0.88888 -0.41574
3981.3 -110.73 1014.6 174.14 -0.97621 0.21481 -0.029576 0.059465 0.39638 0.91616 0.20852 0.8926 -0.39972
3991.3 -106.15 1010.6 173.7 -0.98115 0.18703 -0.04862 0.034377 0.41651 0.90848 0.19016 0.88969 -0.41508
4001.3 -105.72 1010.8 173.58 -0.98124 0.18631 -0.049472 0.033288 0.41655 0.9085 0.18987 0.88982 -0.41494
4011.3 -105.44 1011.2 173.5 -0.9811 0.18709 -0.049337 0.03376 0.4166 0.90846 0.19052 0.88963 -0.41504
4021.3 -105.08 1011.4 173.38 -0.98094 0.18757 -0.050653 0.032963 0.4176 0.90803 0.19147 0.88906 -0.41583
4031.3 -104.86 1011.6 173.32 -0.98057 0.18945 -0.050918 0.033798 0.41883 0.90743 0.19324 0.88808 -0.4171
4041.3 -104.51 1011.9 173.26 -0.98018 0.19111 -0.052239 0.033557 0.42001 0.9069 0.19526 0.88717 -0.4181
4051.3 -104.28 1012.2 173.2 -0.97967 0.19368 -0.052323 0.034783 0.42083 0.90647 0.19758 0.88622 -0.41901
4061.3 -108.12 1016.6 173.58 -0.9742 0.22297 -0.034942 0.059442 0.40285 0.91334 0.21772 0.88769 -0.40571
4071.3 -103.43 1012.4 173.17 -0.97883 0.19767 -0.053022 0.036716 0.42448 0.90469 0.20134 0.8836 -0.42276
4081.3 -106.89 1016.5 173.47 -0.97377 0.22477 -0.035263 0.061056 0.40746 0.91118 0.21918 0.88513 -0.4105
4091.3 -104.51 1014.1 173.4 -0.97593 0.21262 -0.048471 0.046515 0.42011 0.90628 0.21305 0.88221 -0.41989
4101.3 -102.41 1014.1 172.69 -0.97756 0.20532 -0.047181 0.04492 0.42195 0.90551 0.20583 0.88306 -0.4217
4111.3 -101.99 1014.5 172.58 -0.97725 0.20685 -0.046777 0.045918 0.42172 0.90556 0.20704 0.88282 -0.42163
4121.3 -101.46 1014.9 172.4 -0.97719 0.20712 -0.046848 0.045794 0.42096 0.90592 0.20735 0.88311 -0.42085
4131.3 -101.02 1015.3 172.22 -0.97709 0.20769 -0.046471 0.046161 0.41997 0.90636 0.20776 0.88345 -0.41993
4141.3 -100.33 1015 172.27 -0.97727 0.20594 -0.050393 0.042377 0.42262 0.90532 0.20774 0.8826 -0.42174
4151.3 -100.05 1016.1 171.85 -0.97704 0.20753 -0.048169 0.044174 0.41853 0.90713 0.20841 0.88418 -0.41808
4161.3 -99.411 1015.7 171.95 -0.9772 0.2057 -0.052599 0.040029 0.42179 0.90581 0.20851 0.88306 -0.4204
4171.3 -99.137 1016.8 171.55 -0.97704 0.20691 -0.050749 0.041438 0.41823 0.90739 0.20897 0.88446 -0.41721
4181.3 -98.684 1017.3 171.39 -0.97705 0.20654 -0.05218 0.039762 0.41746 0.90783 0.20928 0.88491 -0.41609
4191.3 -98.094 1016.9 171.48 -0.97714 0.20491 -0.056677 0.035662 0.42077 0.90646 0.2096 0.88372 -0.41846
4201.3 -97.732 1018 171.11 -0.97697 0.2061 -0.055319 0.036769 0.41794 0.90773 0.2102 0.88479 -0.41589
4211.3 -97.283 1018.5 170.97 -0.97677 0.20684 -0.056074 0.036354 0.41778 0.90782 0.2112 0.88469 -0.41559
4221.3 -96.804 1018.8 170.9 -0.97658 0.20778 -0.055773 0.03722 0.41852 0.90745 0.21189 0.88412 -0.41645
4231.3 -96.164 1018.5 170.99 -0.97643 0.20792 -0.057877 0.035978 0.42123 0.90624 0.2128 0.8828 -0.41878
4241.3 -95.678 1019.1 170.88 -0.97614 0.20958 -0.056879 0.037478 0.42057 0.90648 0.2139 0.88272 -0.41839
4251.3 -95.11 1019.5 170.75 -0.97599 0.21056 -0.055708 0.038971 0.42047 0.90647 0.21429 0.88253 -0.41858
4261.3 -94.539 1019.9 170.62 -0.97584 0.21144 -0.054974 0.040122 0.4208 0.90627 0.21476 0.88217 -0.41912
4271.3 -93.956 1020.3 170.45 -0.9758 0.21179 -0.054477 0.04069 0.42061 0.90633 0.21487 0.88218 -0.41904
4281.3 -93.4 1020.8 170.29 -0.97572 0.21192 -0.055306 0.039987 0.42064 0.90634 0.21534 0.88213 -0.41891
4291.3 -92.845 1021.3 170.09 -0.97568 0.21171 -0.056728 0.038542 0.4205 0.90647 0.21577 0.88224 -0.41844
4301.3 -92.265 1021.8 169.9 -0.97565 0.21138 -0.058466 0.036806 0.4206 0.9065 0.21621 0.88228 -0.41814
4311.3 -91.682 1022.3 169.67 -0.97565 0.21077 -0.060696 0.034441 0.42051 0.90663 0.21662 0.88247 -0.41753
4321.3 -91.037 1022.7 169.47 -0.97571 0.20997 -0.062469 0.032628 0.42126 0.90635 0.21663 0.8823 -0.41788
4331.3 -90.547 1023.5 169.19 -0.97553 0.2107 -0.062878 0.032283 0.42011 0.9069 0.2175 0.88267 -0.41663
4341.3 -89.936 1023.9 168.96 -0.9754 0.21101 -0.063753 0.031806 0.42092 0.90654 0.21812 0.88221 -0.41728
4351.3 -89.381 1024.4 168.79 -0.9751 0.21214 -0.06459 0.031883 0.42236 0.90587 0.21945 0.88125 -0.41861
4361.3 -88.919 1024.9 168.59 -0.97462 0.21424 -0.064872 0.032619 0.42265 0.90571 0.22145 0.88061 -0.41891
4371.3 -88.474 1025.3 168.48 -0.97407 0.21683 -0.064623 0.03441 0.42427 0.90488 0.22362 0.87919 -0.42073
4381.3 -88.037 1025.8 168.31 -0.97345 0.21932 -0.065493 0.035061 0.42563 0.90422 0.22619 0.87792 -0.42202
4391.3 -87.557 1026.3 168.14 -0.97282 0.22183 -0.066439 0.035528 0.42649 0.90379 0.22883 0.87687 -0.42278
4401.3 -87.081 1026.9 167.99 -0.97216 0.22444 -0.067306 0.03628 0.42797 0.90306 0.23148 0.87548 -0.4242
4411.3 -86.671 1027.6 167.76 -0.97131 0.22778 -0.06838 0.03659 0.42722 0.90341 0.235 0.87498 -0.4233
4421.3 -86.107 1028.2 167.61 -0.97071 0.23013 -0.069004 0.037302 0.4281 0.90296 0.23733 0.87394 -0.42415
4431.3 -85.6 1028.9 167.47 -0.97006 0.23316 -0.067993 0.039591 0.42802 0.9029 0.23962 0.87318 -0.42443
4441.3 -85.076 1030.2 167.08 -0.96958 0.23625 -0.064048 0.043853 0.42508 0.90409 0.24082 0.87378 -0.42251
4451.3 -84.448 1030.9 166.91 -0.96915 0.23811 -0.063611 0.04483 0.42411 0.9045 0.24234 0.87375 -0.42171
4461.3 -83.661 1030.9 166.99 -0.96897 0.23813 -0.066256 0.043181 0.42702 0.90321 0.24337 0.87232 -0.42406
4471.3 -83.056 1032 166.61 -0.96876 0.23976 -0.063418 0.045832 0.42439 0.90432 0.24373 0.87316 -0.42212
4481.3 -82.314 1032.6 166.39 -0.9687 0.23977 -0.064234 0.045112 0.42452 0.90429 0.24409 0.87309 -0.42205
4491.3 -81.59 1033.2 166.1 -0.96869 0.23959 -0.065158 0.0442 0.42464 0.90428 0.24432 0.87309 -0.42193
4501.3 -80.675 1033 166.07 -0.96878 0.2379 -0.069827 0.040242 0.42877 0.90252 0.24465 0.87153 -0.42496
4511.3 -80.148 1034.1 165.56 -0.96857 0.23941 -0.067407 0.042495 0.42632 0.90357 0.24506 0.87231 -0.4231
4521.3 -79.372 1033.9 165.51 -0.96845 0.23877 -0.071376 0.039641 0.43035 0.90179 0.24604 0.87051 -0.42624
4531.3 -78.783 1034.4 165.27 -0.96816 0.23997 -0.071333 0.040399 0.43096 0.90146 0.24706 0.86988 -0.42694
4541.3 -78.286 1034.9 165.03 -0.96761 0.24227 -0.070991 0.041714 0.43076 0.9015 0.24899 0.86934 -0.42691
4551.3 -77.774 1035.3 164.82 -0.96705 0.2446 -0.070589 0.043394 0.43158 0.90103 0.25086 0.86828 -0.42798
4561.3 -77.091 1036.3 164.37 -0.9664 0.24851 -0.065633 0.04918 0.42941 0.90177 0.25228 0.86825 -0.4272
4571.3 -76.677 1036.8 164.18 -0.96564 0.25165 -0.064984 0.051391 0.42997 0.90138 0.25477 0.86707 -0.42812
4581.3 -76.532 1036.6 164.27 -0.96475 0.25388 -0.069307 0.049358 0.43324 0.89992 0.25849 0.86478 -0.4305
4591.3 -76.038 1036.9 164.13 -0.96409 0.25647 -0.069004 0.050935 0.43354 0.89969 0.26066 0.86387 -0.43104
4601.3 -75.525 1037.5 163.92 -0.96349 0.25883 -0.068579 0.052241 0.43291 0.89992 0.26261 0.86348 -0.43063
4611.3 -74.963 1037.9 163.79 -0.96303 0.26051 -0.068585 0.053076 0.43309 0.89979 0.26411 0.86288 -0.4309
4621.3 -74.346 1038.4 163.6 -0.96263 0.26199 -0.068648 0.053534 0.43253 0.90003 0.26549 0.86272 -0.43039
4631.3 -73.647 1038.8 163.48 -0.96241 0.26269 -0.068924 0.053537 0.43231 0.90013 0.26626 0.86261 -0.43013
4641.3 -73.025 1039.2 163.32 -0.96216 0.26369 -0.068624 0.054103 0.43174 0.90038 0.26704 0.8626 -0.42967
4651.3 -72.326 1039.6 163.18 -0.9621 0.26391 -0.068658 0.054146 0.43164 0.90042 0.26727 0.86258 -0.42957
4661.3 -71.697 1040.1 162.99 -0.96199 0.26449 -0.06797 0.054781 0.43075 0.90081 0.26753 0.86285 -0.42886
4671.3 -70.997 1040.5 162.8 -0.962 0.26451 -0.06779 0.05493 0.43065 0.90085 0.26748 0.86289 -0.42881
4681.3 -70.26 1040.6 162.65 -0.96214 0.26428 -0.066645 0.056216 0.43168 0.90027 0.2667 0.86244 -0.43019
4691.3 -69.537 1041 162.45 -0.9623 0.26374 -0.066453 0.05623 0.43196 0.90014 0.26611 0.86247 -0.43051
4701.3 -68.818 1041.3 162.21 -0.96258 0.26298 -0.065407 0.056936 0.43223 0.89996 0.26494 0.86256 -0.43103
4711.3 -67.985 1041.6 161.88 -0.96311 0.26102 -0.065414 0.056117 0.43257 0.89985 0.26318 0.86299 -0.43126
4721.3 -67.306 1042.1 161.54 -0.96345 0.25998 -0.064699 0.056098 0.43191 0.90017 0.26197 0.86363 -0.43071
4731.3 -66.503 1042.4 161.22 -0.96395 0.25794 -0.065297 0.054833 0.43272 0.89986 0.26036 0.86384 -0.43127
4741.3 -65.897 1042.8 160.83 -0.96412 0.25737 -0.065049 0.054618 0.43212 0.90016 0.25978 0.86431 -0.43067
4751.3 -65.205 1043 160.51 -0.96438 0.25617 -0.065907 0.053782 0.43385 0.89938 0.25899 0.8638 -0.43217
4761.3 -64.548 1043.3 160.18 -0.96449 0.2556 -0.066495 0.053274 0.43488 0.89891 0.25868 0.86345 -0.43306
4771.3 -64.03 1043.6 159.85 -0.96434 0.25618 -0.066425 0.053848 0.43567 0.8985 0.25912 0.86288 -0.43393
4781.3 -63.478 1043.9 159.56 -0.96417 0.25676 -0.06678 0.054067 0.4366 0.89803 0.25973 0.86224 -0.43483
4791.3 -62.968 1044 159.48 -0.96386 0.25806 -0.066231 0.055645 0.43811 0.8972 0.26055 0.86109 -0.43663
4801.3 -62.382 1044.3 159.23 -0.96355 0.25938 -0.065606 0.056997 0.43859 0.89688 0.2614 0.86044 -0.43739
4811.3 -61.857 1044.7 159 -0.96307 0.26143 -0.064444 0.059012 0.43847 0.89681 0.26271 0.85989 -0.4377
4821.3 -61.308 1045 158.79 -0.96251 0.26366 -0.063746 0.060864 0.43892 0.89646 0.26434 0.85897 -0.43851
4831.3 -60.804 1045.3 158.61 -0.96171 0.26677 -0.062787 0.063312 0.43917 0.89617 0.26665 0.85789 -0.43924
4841.3 -60.32 1045.5 158.46 -0.96077 0.27023 -0.062484 0.065501 0.43997 0.89562 0.26952 0.85639 -0.44041
4851.2 -59.871 1045.9 158.32 -0.95965 0.2744 -0.061375 0.068637 0.44027 0.89524 0.27268 0.85491 -0.44134
4861.2 -59.355 1046.2 158.17 -0.95857 0.27824 -0.060956 0.071057 0.44082 0.89478 0.27584 0.85338 -0.44233
4871.2 -58.832 1046.5 158.04 -0.95745 0.28221 -0.060425 0.073554 0.44106 0.89446 0.27908 0.85195 -0.44305
4881.2 -58.236 1046.9 157.91 -0.95642 0.28578 -0.059889 0.075826 0.44117 0.89422 0.28197 0.85071 -0.44361
4891.2 -57.632 1047.4 157.77 -0.95546 0.28911 -0.059311 0.077776 0.44051 0.89437 0.2847 0.84992 -0.44338
4901.2 -56.847 1047.6 157.67 -0.95476 0.29152 -0.058669 0.079644 0.44078 0.89407 0.2865 0.84896 -0.44406
4911.2 -55.956 1048.1 157.46 -0.95425 0.29337 -0.057826 0.080931 0.43957 0.89455 0.28785 0.84895 -0.4432
4921.2 -55.036 1048.5 157.29 -0.95384 0.29501 -0.056118 0.082934 0.43838 0.89495 0.28862 0.84899 -0.44262
4931.2 -54.074 1049 157.07 -0.95351 0.29636 -0.054735 0.084362 0.43683 0.89558 0.28932 0.84932 -0.44152
4941.2 -57.266 1053.9 157.66 -0.94506 0.32511 -0.034051 0.10985 0.41398 0.90363 0.30788 0.85025 -0.42695
4951.2 -51.914 1049.8 156.46 -0.95334 0.29755 -0.051086 0.087403 0.43399 0.89667 0.28897 0.85037 -0.43974
4961.2 -50.867 1050.3 156.14 -0.95302 0.29878 -0.049874 0.088781 0.43292 0.89705 0.28961 0.85048 -0.43911
4971.2 -50.146 1050.8 155.83 -0.95183 0.30246 -0.050356 0.089571 0.43134 0.89773 0.29325 0.84998 -0.43765
4981.2 -49.676 1051 155.68 -0.94979 0.30863 -0.051533 0.091979 0.4328 0.89679 0.29908 0.84701 -0.43945
4991.2 -49.369 1051.2 155.56 -0.94722 0.3161 -0.053485 0.09433 0.43424 0.89584 0.3064 0.84351 -0.44114
5001.2 -48.993 1051.4 155.38 -0.94469 0.32306 -0.056486 0.095575 0.43594 0.89489 0.31373 0.83999 -0.44271
5011.2 -48.617 1051.6 155.22 -0.94206 0.33024 -0.058917 0.097517 0.43765 0.89384 0.32097 0.8363 -0.44449
5021.2 -48.182 1051.8 155.09 -0.93952 0.33715 -0.060301 0.10047 0.43961 0.89255 0.32744 0.83251 -0.4469
5031.2 -47.78 1052 154.96 -0.93676 0.34469 -0.060501 0.1046 0.44075 0.89152 0.33396 0.82881 -0.44893
5041.2 -47.304 1052 154.91 -0.93401 0.35225 -0.059539 0.11011 0.4424 0.89003 0.33985 0.82474 -0.45199
5051.2 -46.724 1052 154.86 -0.93137 0.35908 -0.060071 0.11378 0.44382 0.88887 0.34584 0.82103 -0.45421
5061.2 -46.32 1052.2 154.83 -0.92846 0.36688 -0.057904 0.12016 0.44422 0.88782 0.35144 0.81735 -0.45653
5071.2 -45.852 1053.1 154.44 -0.92542 0.3753 -0.052454 0.1285 0.44099 0.88826 0.3565 0.81527 -0.45633
5081.2 -45.403 1053.3 154.48 -0.92279 0.38186 -0.051352 0.13324 0.44133 0.8874 0.36152 0.81204 -0.45814
5091.2 -44.983 1052.5 154.92 -0.92053 0.38656 -0.056505 0.13314 0.4464 0.88487 0.36728 0.80703 -0.4624
5101.2 -44.597 1052.6 154.94 -0.91813 0.3921 -0.057441 0.1357 0.44725 0.88406 0.37233 0.80388 -0.46384
5111.2 -44.174 1052.8 154.94 -0.91594 0.39685 -0.059805 0.1364 0.44797 0.88358 0.37744 0.80115 -0.46444
5121.2 -43.798 1052.8 154.99 -0.91371 0.40163 -0.061804 0.13753 0.44877 0.883 0.38238 0.79831 -0.46529
5131.2 -43.449 1052.9 155.02 -0.91162 0.40606 -0.063836 0.1383 0.44924 0.88264 0.38708 0.7958 -0.46569
5141.2 -43.08 1053 155.11 -0.90953 0.4103 -0.066388 0.13856 0.44991 0.88226 0.39186 0.79325 -0.46606
5151.2 -42.732 1053.1 155.14 -0.90756 0.4144 -0.067927 0.13948 0.45005 0.88205 0.39609 0.79103 -0.46624
5161.2 -42.367 1053.1 155.2 -0.90563 0.41839 -0.069198 0.14083 0.45063 0.88153 0.40001 0.7886 -0.46703
5171.2 -41.987 1053.1 155.22 -0.90384 0.42217 -0.069618 0.14272 0.45086 0.88111 0.40337 0.78645 -0.46776
5181.2 -41.8 1053.4 155.21 -0.90169 0.42691 -0.068636 0.14574 0.44952 0.8813 0.40709 0.78465 -0.46754
5191.2 -41.544 1053.5 155.22 -0.89985 0.43084 -0.068153 0.14831 0.44913 0.88107 0.41021 0.78273 -0.46805
5201.2 -41.246 1053.4 155.31 -0.89838 0.43401 -0.067437 0.15101 0.4494 0.88048 0.41244 0.78082 -0.46927
5211.2 -40.974 1053.3 155.41 -0.89709 0.43676 -0.066862 0.15345 0.44988 0.87981 0.41434 0.77901 -0.47061
5221.2 -40.749 1053.4 155.49 -0.89611 0.4388 -0.066679 0.15473 0.44966 0.87969 0.416 0.77798 -0.47084
5231.2 -40.566 1053.3 155.59 -0.89542 0.44011 -0.067274 0.15496 0.44974 0.87961 0.41738 0.7772 -0.47091
5241.2 -40.468 1053.4 155.66 -0.89497 0.44102 -0.067234 0.15536 0.44938 0.87973 0.41819 0.77689 -0.4707
5251.2 -40.4 1053.3 155.79 -0.89488 0.44106 -0.068208 0.1545 0.44954 0.8798 0.41871 0.77678 -0.47043
5261.2 -40.331 1053.3 155.87 -0.89535 0.44005 -0.068643 0.15339 0.44938 0.88007 0.41812 0.77744 -0.46985
5271.2 -40.369 1053.3 155.9 -0.89601 0.43871 -0.068631 0.15217 0.44857 0.8807 0.41716 0.77867 -0.46868
5281.2 -40.482 1053.3 155.97 -0.89691 0.43681 -0.068936 0.15083 0.44873 0.88085 0.41569 0.77964 -0.46836
5291.2 -40.522 1053.1 155.98 -0.8983 0.43372 -0.070273 0.148 0.44928 0.88105 0.4137 0.78105 -0.46778
5301.2 -40.724 1053.1 155.92 -0.89966 0.43076 -0.071104 0.14534 0.44907 0.8816 0.41169 0.78281 -0.46661
5311.2 -41.015 1053.1 155.83 -0.90108 0.42754 -0.072605 0.14179 0.44868 0.88237 0.40983 0.78479 -0.46491
5321.2 -41.254 1053.1 155.79 -0.90266 0.42392 -0.074122 0.13817 0.44859 0.88299 0.40757 0.7868 -0.4635
5331.2 -41.481 1052.9 155.7 -0.9044 0.41984 -0.076136 0.13408 0.44902 0.88341 0.40508 0.78874 -0.46238
5341.2 -41.763 1052.8 155.66 -0.90602 0.41605 -0.077644 0.13082 0.44976 0.88352 0.40251 0.79033 -0.46192
5351.2 -41.991 1052.7 155.53 -0.90778 0.41203 -0.078449 0.12767 0.44959 0.88406 0.39954 0.79253 -0.46073
5361.2 -42.272 1052.6 155.45 -0.90942 0.40842 -0.078414 0.1256 0.44947 0.88442 0.39646 0.79446 -0.46005
5371.2 -42.564 1052.6 155.36 -0.91094 0.4054 -0.076409 0.12534 0.44844 0.88498 0.39303 0.79659 -0.45931
5381.2 -42.864 1052.7 155.31 -0.91257 0.40227 -0.07343 0.12581 0.44706 0.88561 0.38908 0.79895 -0.45858
5391.2 -43.179 1052.5 155.36 -0.91417 0.39909 -0.070887 0.12622 0.44647 0.88585 0.38518 0.80087 -0.45853
5401.2 -43.458 1052.6 155.39 -0.91594 0.39533 -0.069085 0.12526 0.44516 0.88665 0.38127 0.80346 -0.45725
5411.2 -43.735 1052.5 155.5 -0.9177 0.3915 -0.067516 0.12422 0.4442 0.88728 0.37736 0.80586 -0.45627
5421.2 -43.948 1052.4 155.63 -0.91962 0.38727 -0.065716 0.12323 0.44329 0.88787 0.37298 0.8084 -0.45538
5431.2 -44.196 1052.2 155.78 -0.92152 0.38307 -0.063766 0.12249 0.44254 0.88834 0.36851 0.81081 -0.45474
5441.2 -44.466 1052.1 155.98 -0.9233 0.37916 -0.061257 0.12236 0.44156 0.88885 0.36407 0.81318 -0.45408
5451.2 -44.881 1052.9 155.89 -0.92472 0.37669 -0.054772 0.12484 0.43606 0.89122 0.3596 0.81729 -0.45026
5461.2 -44.996 1052.1 156.24 -0.92684 0.37129 -0.055717 0.1223 0.43887 0.89019 0.35497 0.81825 -0.45217
5471.2 -45.199 1052 156.33 -0.92867 0.36704 -0.053496 0.12179 0.43797 0.8907 0.35035 0.82065 -0.45143
5481.2 -45.414 1051.8 156.46 -0.93042 0.36284 -0.051686 0.1214 0.43817 0.89065 0.34581 0.82241 -0.45173
5491.2 -45.659 1051.8 156.52 -0.93199 0.35908 -0.049633 0.121 0.43722 0.89118 0.34171 0.82456 -0.45093
5501.2 -45.893 1051.8 156.52 -0.93365 0.35509 -0.047031 0.12105 0.43636 0.89159 0.33712 0.82674 -0.45039
5511.2 -46.111 1051.6 156.56 -0.93531 0.35098 -0.04482 0.12134 0.43714 0.89117 0.33238 0.82808 -0.45145
5521.2 -46.583 1052 156.49 -0.93642 0.34854 -0.040439 0.12335 0.43489 0.892 0.32848 0.8303 -0.45023
5531.2 -46.895 1052 156.44 -0.93784 0.34491 -0.038667 0.12306 0.43463 0.89216 0.32452 0.83195 -0.45005
5541.2 -47.157 1051.8 156.45 -0.93937 0.34084 -0.037702 0.12202 0.43497 0.89214 0.32048 0.83345 -0.45018
5551.2 -47.401 1052 156.36 -0.94097 0.33642 -0.037419 0.11964 0.43396 0.89295 0.31665 0.83576 -0.44859
5561.2 -47.73 1052 156.46 -0.94225 0.33297 -0.035899 0.11921 0.43364 0.89317 0.31296 0.83731 -0.44829
5571.2 -47.96 1051.9 156.51 -0.94371 0.32901 -0.03407 0.11884 0.43337 0.89334 0.30869 0.83901 -0.44808
5581.2 -48.224 1051.9 156.61 -0.94508 0.32528 -0.031865 0.1188 0.4327 0.89368 0.30449 0.84081 -0.44757
5591.2 -48.468 1051.9 156.7 -0.94642 0.32167 -0.028549 0.11975 0.43168 0.89404 0.29992 0.84272 -0.44707
5601.2 -48.703 1051.8 156.81 -0.94776 0.31789 -0.026303 0.11978 0.43111 0.89431 0.29563 0.84445 -0.44667
5611.2 -48.819 1051.6 156.97 -0.9493 0.31343 -0.024328 0.11971 0.43194 0.89392 0.29069 0.84569 -0.44756
5621.2 -48.96 1051.4 157.1 -0.95081 0.309 -0.021845 0.12017 0.43292 0.89339 0.28552 0.84682 -0.44876
5631.2 -49.023 1051.4 157.11 -0.95232 0.3044 -0.02083 0.11886 0.43298 0.89353 0.28102 0.84845 -0.44851
5641.2 -49.062 1051.1 157.21 -0.9537 0.30006 -0.020503 0.11756 0.43467 0.89289 0.27683 0.84913 -0.44982
5651.2 -49.176 1051.2 157.14 -0.95471 0.29685 -0.02023 0.11609 0.43424 0.89328 0.27396 0.85048 -0.44904
5661.2 -49.342 1051.2 157.19 -0.9553 0.29497 -0.020128 0.11538 0.43463 0.89319 0.27221 0.85093 -0.44924
5671.2 -49.452 1051.2 157.18 -0.95578 0.29342 -0.019601 0.11516 0.43477 0.89315 0.27059 0.8514 -0.44933
5681.2 -49.594 1051.3 157.22 -0.95592 0.29305 -0.018387 0.11596 0.4343 0.89327 0.26976 0.85176 -0.44914
5691.2 -49.658 1051.4 157.27 -0.95599 0.29292 -0.016768 0.11727 0.43386 0.89331 0.26895 0.85203 -0.44912
5701.2 -49.689 1051.2 157.37 -0.9561 0.29263 -0.015358 0.11856 0.43425 0.89295 0.26797 0.85194 -0.44989
5711.2 -49.646 1051.3 157.42 -0.95617 0.29249 -0.01369 0.12 0.43408 0.89285 0.26709 0.85207 -0.45015
5721.2 -49.675 1051.4 157.48 -0.95603 0.293 -0.012629 0.12098 0.43324 0.89312 0.26716 0.85232 -0.44964
5731.2 -49.583 1051.4 157.56 -0.95596 0.29327 -0.011428 0.12225 0.43328 0.89293 0.26682 0.85221 -0.45005
5741.2 -49.405 1051.4 157.6 -0.95605 0.29305 -0.010142 0.12328 0.4331 0.89288 0.26604 0.85238 -0.45019
5751.2 -49.172 1051.5 157.64 -0.95613 0.29284 -0.007678 0.12533 0.43261 0.89283 0.26477 0.8527 -0.45034
5761.2 -48.759 1051.6 157.58 -0.95651 0.29166 -0.004524 0.12735 0.43149 0.89309 0.26243 0.85367 -0.44987
5771.2 -48.446 1051.7 157.63 -0.95666 0.2912 -0.001785 0.12949 0.43088 0.89307 0.26083 0.85413 -0.44991
5781.2 -48.165 1051.6 157.75 -0.95671 0.29104 0.000288 0.1314 0.43107 0.8927 0.25969 0.85409 -0.45065
5791.2 -48.015 1051.7 157.89 -0.9564 0.29207 0.001063 0.13242 0.43036 0.89289 0.26033 0.8541 -0.45027
5801.2 -47.815 1051.7 157.91 -0.95623 0.2926 0.00061 0.13207 0.42975 0.89324 0.2611 0.85423 -0.44958
5811.2 -47.681 1051.8 158.04 -0.95589 0.29372 -0.000492 0.13137 0.42902 0.89369 0.26271 0.8542 -0.44869
5821.2 -47.401 1051.9 158.17 -0.95577 0.29411 -0.00129 0.13068 0.42859 0.894 0.26349 0.85429 -0.44806
5831.2 -47.175 1052.1 158.26 -0.95552 0.29494 -0.000116 0.13166 0.42688 0.89467 0.26393 0.85486 -0.44672
5841.1 -46.865 1052.3 158.38 -0.95535 0.29547 0.001594 0.13293 0.42497 0.8954 0.26388 0.85563 -0.44527
5851.1 -46.363 1052.4 158.48 -0.95555 0.29481 0.00329 0.13376 0.42354 0.89595 0.26274 0.85657 -0.44414
5861.1 -45.928 1052.6 158.49 -0.95564 0.29448 0.005589 0.13493 0.42085 0.89704 0.26181 0.858 -0.44191
5871.1 -45.249 1052.5 158.54 -0.95626 0.29243 0.007013 0.13517 0.42049 0.89717 0.25941 0.85888 -0.44163
5881.1 -44.549 1052.6 158.49 -0.95696 0.29011 0.008185 0.13488 0.4196 0.89763 0.25697 0.8601 -0.44067
5891.1 -43.931 1052.6 158.48 -0.95744 0.2885 0.009222 0.1351 0.41968 0.89756 0.25507 0.8606 -0.44079
5901.1 -43.274 1052.4 158.45 -0.95791 0.28688 0.009846 0.13524 0.42079 0.89702 0.2532 0.8606 -0.44188
5911.1 -42.803 1052.5 158.31 -0.95796 0.28674 0.009605 0.13499 0.42093 0.89699 0.25316 0.86058 -0.44194
5921.1 -42.388 1052.5 158.21 -0.95767 0.2877 0.009505 0.13562 0.42181 0.89648 0.25391 0.85983 -0.44298
5931.1 -42.102 1052.6 158.08 -0.95682 0.29053 0.00938 0.13673 0.42137 0.89652 0.25651 0.8591 -0.4429
5941.1 -41.886 1052.7 158.03 -0.95579 0.2939 0.008825 0.13803 0.42199 0.89603 0.25962 0.85764 -0.44391
5951.1 -41.746 1052.8 157.97 -0.95448 0.29816 0.008584 0.13979 0.42172 0.89589 0.2635 0.8563 -0.4442
5961.1 -41.523 1052.7 158.08 -0.95326 0.30205 0.008154 0.14139 0.42206 0.89547 0.26703 0.85477 -0.44504
5971.1 -41.298 1052.8 158.03 -0.95197 0.30604 0.009336 0.14422 0.42132 0.89537 0.27008 0.85372 -0.44522
5981.1 -41.058 1052.9 158.04 -0.95074 0.30981 0.010443 0.14702 0.42098 0.89508 0.27291 0.85252 -0.44579
5991.1 -40.854 1052.9 158 -0.94958 0.31331 0.011777 0.14987 0.42061 0.89478 0.27539 0.85143 -0.44636
6001.1 -40.665 1053 158.02 -0.94849 0.31655 0.012757 0.15236 0.42047 0.89442 0.27776 0.85029 -0.44704
6011.1 -40.393 1052.8 158.03 -0.9477 0.31893 0.012135 0.15321 0.42125 0.89391 0.27998 0.84902 -0.44808
6021.1 -40.2 1052.8 158.04 -0.94687 0.32144 0.010818 0.15349 0.42208 0.89347 0.28263 0.84766 -0.44899
6031.1 -40.068 1052.9 157.99 -0.94592 0.32425 0.010099 0.15413 0.4218 0.89349 0.28546 0.84672 -0.44897
6041.1 -39.66 1052.7 157.98 -0.94567 0.32505 0.007319 0.15269 0.42413 0.89264 0.28705 0.84525 -0.45072
6051.1 -39.403 1053.7 157.55 -0.94463 0.32796 0.011293 0.15639 0.41968 0.8941 0.28849 0.84636 -0.44772
6061.1 -39.098 1053.8 157.47 -0.94421 0.32914 0.01134 0.15699 0.41955 0.89405 0.28952 0.84596 -0.44782
6071.1 -38.753 1054 157.36 -0.94391 0.33 0.011956 0.15761 0.4184 0.89449 0.29018 0.8462 -0.44694
6081.1 -38.176 1054.1 157.27 -0.94403 0.32962 0.012271 0.15749 0.41774 0.89481 0.28982 0.84667 -0.44627
6091.1 -37.655 1054.3 157.13 -0.94412 0.32927 0.014365 0.15863 0.41578 0.89553 0.2889 0.84777 -0.44478
6101.1 -37.149 1053.8 157.25 -0.94453 0.3282 0.012521 0.15683 0.41719 0.89519 0.28858 0.84749 -0.44551
6111.1 -36.552 1054.1 157.04 -0.94481 0.32731 0.014093 0.15727 0.41541 0.89594 0.2874 0.84871 -0.44396
6121.1 -36.028 1054.2 156.87 -0.94505 0.32661 0.014546 0.15702 0.41443 0.89643 0.28675 0.84946 -0.44294
6131.1 -35.454 1054.4 156.67 -0.94538 0.32564 0.014507 0.15633 0.41388 0.89681 0.28603 0.85009 -0.44218
6141.1 -34.976 1054.5 156.45 -0.94547 0.32542 0.013845 0.15558 0.41387 0.89694 0.28616 0.85018 -0.44193
6151.1 -34.508 1054.6 156.2 -0.94547 0.32545 0.012647 0.15459 0.41425 0.89694 0.28667 0.84999 -0.44197
6161.1 -34.156 1054.8 156.01 -0.94501 0.32683 0.012144 0.15491 0.4146 0.89672 0.28804 0.84929 -0.44243
6171.1 -33.793 1054.9 155.82 -0.94436 0.32871 0.012024 0.15591 0.41513 0.8963 0.28963 0.8483 -0.44328
6181.1 -33.495 1054.9 155.68 -0.94347 0.33125 0.012007 0.1574 0.41584 0.89571 0.29171 0.84697 -0.44447
6191.1 -33.284 1055.1 155.57 -0.94223 0.33475 0.012179 0.15933 0.41588 0.89535 0.29466 0.84557 -0.44519
6201.1 -33.024 1055.2 155.47 -0.94099 0.33821 0.012202 0.16122 0.41629 0.89483 0.29756 0.84399 -0.44625
6211.1 -32.7 1055.3 155.36 -0.93966 0.34186 0.013336 0.16424 0.41656 0.89415 0.30012 0.84239 -0.44757
6221.1 -32.355 1055.3 155.3 -0.93842 0.34522 0.013588 0.16645 0.4173 0.89339 0.30275 0.84064 -0.44907
6231.1 -31.979 1055.6 155.1 -0.93725 0.34833 0.014813 0.16884 0.41629 0.89342 0.30504 0.83986 -0.44898
6241.1 -31.524 1055.6 154.98 -0.93642 0.35056 0.015304 0.17081 0.41729 0.89258 0.30652 0.83844 -0.45064
6251.1 -31.082 1056.4 154.53 -0.93517 0.35358 0.020808 0.17628 0.41367 0.8932 0.30721 0.83896 -0.44918
6261.1 -30.714 1055.9 154.6 -0.9351 0.35399 0.016507 0.17366 0.41714 0.89209 0.30891 0.83707 -0.45154
6271.1 -30.167 1055.8 154.46 -0.93505 0.35419 0.015489 0.17339 0.41877 0.89139 0.30923 0.83617 -0.45298
6281.1 -29.79 1055.9 154.23 -0.93486 0.35473 0.014371 0.17286 0.41946 0.89116 0.31009 0.83559 -0.45346
6291.1 -29.405 1056.6 153.74 -0.93422 0.35625 0.017582 0.17582 0.41705 0.89172 0.31034 0.83615 -0.45225
6301.1 -28.973 1056.1 153.73 -0.93485 0.35488 0.011121 0.17046 0.42112 0.89085 0.31146 0.8347 -0.45417
6311.1 -28.534 1056.2 153.33 -0.93485 0.35491 0.009564 0.16945 0.42234 0.89046 0.312 0.83407 -0.45496
6321.1 -28.119 1056.2 153 -0.93494 0.35471 0.007817 0.16818 0.42367 0.89007 0.3124 0.83348 -0.45576
6331.1 -27.729 1056.2 152.78 -0.93497 0.35467 0.006697 0.16752 0.42482 0.88964 0.31268 0.83291 -0.45661
6341.1 -27.245 1056.1 152.41 -0.93504 0.35449 0.005697 0.16722 0.42679 0.88876 0.31262 0.83198 -0.45834
6351.1 -26.728 1056.1 151.96 -0.93516 0.35421 0.004647 0.16647 0.42785 0.88839 0.31268 0.83156 -0.45907
6361.1 -26.244 1056.2 151.33 -0.93493 0.3548 0.004581 0.16699 0.42857 0.88794 0.31308 0.83093 -0.45993
6371.1 -25.758 1056.1 150.83 -0.9347 0.35541 0.003896 0.1673 0.43026 0.88707 0.31359 0.8298 -0.46162
6381.1 -25.422 1056 150.44 -0.93414 0.3569 0.003711 0.16837 0.43146 0.88628 0.31471 0.82853 -0.46313
6391.1 -24.96 1056.1 149.76 -0.93355 0.35844 0.00347 0.16934 0.43247 0.8856 0.31594 0.82734 -0.46443
6401.1 -24.607 1055.9 149.41 -0.93274 0.36053 0.003612 0.17112 0.43384 0.88459 0.31735 0.82571 -0.46636
6411.1 -24.218 1055.9 148.89 -0.93184 0.36287 0.002814 0.17181 0.43435 0.88421 0.31963 0.82442 -0.46709
6421.1 -23.977 1056 148.48 -0.93036 0.36665 0.002223 0.17317 0.43404 0.8841 0.32319 0.82291 -0.4673
6431.1 -23.721 1056 148.17 -0.92876 0.37069 0.000907 0.17421 0.43432 0.88375 0.3272 0.82095 -0.46796
6441.1 -23.537 1056.1 147.94 -0.92679 0.37557 2.7e-05 0.17572 0.43357 0.88382 0.33193 0.81912 -0.46782
6451.1 -23.345 1056.1 147.79 -0.92483 0.38038 -0.001165 0.17726 0.43369 0.88346 0.33656 0.81684 -0.46851
6461.1 -23.081 1056.7 147.42 -0.92237 0.3863 0.002669 0.18298 0.43079 0.88371 0.34023 0.81559 -0.46803
6471.1 -22.782 1056.8 147.3 -0.92068 0.39033 0.001925 0.18423 0.43019 0.88374 0.34412 0.81399 -0.46798
6481.1 -22.481 1056.8 147.25 -0.91889 0.39452 0.000973 0.18553 0.42994 0.88359 0.34817 0.8121 -0.46826
6491.1 -22.048 1056.2 147.45 -0.91777 0.39708 -0.004505 0.18305 0.43309 0.88257 0.3524 0.80917 -0.47017
6501.1 -21.644 1056.2 147.53 -0.91619 0.40073 -0.003008 0.1863 0.43256 0.88215 0.35481 0.80765 -0.47097
6511.1 -21.194 1056.2 147.5 -0.91466 0.40422 -0.00255 0.18845 0.43198 0.88198 0.35761 0.80623 -0.47128
6521.1 -20.757 1056.5 147.34 -0.91321 0.40749 -0.000783 0.19101 0.42976 0.88251 0.35995 0.80577 -0.47029
6531.1 -20.222 1056.6 147.22 -0.91222 0.4097 -0.000174 0.19243 0.42883 0.88265 0.3617 0.80514 -0.47003
6541.1 -19.661 1056.8 146.99 -0.91157 0.41114 0.000552 0.19332 0.42743 0.88314 0.36286 0.80515 -0.46912
6551.1 -19.061 1056.8 146.73 -0.91123 0.41189 0.000329 0.19314 0.42658 0.88359 0.3638 0.80522 -0.46826
6561.1 -18.535 1057.1 146.26 -0.91083 0.41279 0.000168 0.19258 0.42456 0.88468 0.36512 0.80583 -0.46619
6571.1 -17.948 1057.1 145.86 -0.91084 0.41275 -0.000698 0.19179 0.42472 0.88478 0.36549 0.80576 -0.46601
6581.1 -17.4 1057.3 145.39 -0.91077 0.4129 -0.001281 0.19119 0.42447 0.88502 0.36597 0.80581 -0.46554
6591.1 -16.785 1057.1 144.91 -0.91089 0.41265 -0.001953 0.1911 0.42602 0.8843 0.36574 0.80512 -0.46692
6601.1 -16.323 1057.1 144.46 -0.91058 0.41333 -0.001941 0.19143 0.42588 0.8843 0.36634 0.80485 -0.46692
6611.1 -15.81 1057.7 143.59 -0.90942 0.41587 0.00247 0.19636 0.42414 0.88405 0.3666 0.80446 -0.46738
6621.1 -15.319 1057.7 143.04 -0.90855 0.41775 0.004242 0.19918 0.42421 0.88339 0.36724 0.80345 -0.46862
6631.1 -14.812 1057.8 142.55 -0.90774 0.41949 0.006223 0.20169 0.42332 0.88325 0.36788 0.80301 -0.46887
6641.1 -14.361 1057.7 142.12 -0.90656 0.42202 0.00679 0.20381 0.42361 0.88262 0.36961 0.80153 -0.47004
6651.1 -13.886 1057.6 141.74 -0.90531 0.42472 0.00599 0.2048 0.4241 0.88216 0.37212 0.79985 -0.47092
6661.1 -13.477 1057.6 141.43 -0.90384 0.42784 0.004851 0.2057 0.42455 0.88173 0.37518 0.79794 -0.47173
6671.1 -13.104 1057.6 141.21 -0.90207 0.43159 0.003336 0.20647 0.42473 0.88146 0.37901 0.79582 -0.47225
6681.1 -12.627 1057.5 141.04 -0.90035 0.43516 0.000647 0.20619 0.4253 0.88125 0.38321 0.79357 -0.47265
6691.1 -12.177 1056.9 141.2 -0.89919 0.43754 -0.004855 0.20364 0.42828 0.8804 0.38729 0.79066 -0.4742
6701.1 -11.523 1057 140.95 -0.89776 0.44045 -0.004735 0.20533 0.42799 0.88015 0.38969 0.78919 -0.47467
6711.1 -10.673 1057.1 140.68 -0.89698 0.44206 -0.002961 0.20756 0.42706 0.88008 0.39031 0.7888 -0.47482
6721.1 -9.7817 1057.2 140.45 -0.8964 0.44325 -0.000203 0.21052 0.42614 0.87982 0.39007 0.78862 -0.47531
6731.1 -8.7828 1057.4 140.12 -0.8964 0.44324 0.003156 0.21327 0.42504 0.87969 0.38857 0.78923 -0.47553
6741.1 -7.6192 1057.4 139.72 -0.89698 0.44204 0.005449 0.21462 0.42466 0.87955 0.38648 0.79011 -0.47578
6751.1 -6.4846 1058 139.01 -0.89715 0.44156 0.01224 0.2195 0.42158 0.87982 0.38334 0.79202 -0.47514
6761.1 -5.3886 1057.9 138.56 -0.89811 0.43955 0.014004 0.22051 0.42254 0.87911 0.3805 0.79262 -0.47641
6771.1 -4.2102 1058 138 -0.89944 0.43678 0.015036 0.22027 0.42334 0.87879 0.37748 0.79373 -0.47698
6781.1 -3.0923 1058 137.36 -0.90074 0.43407 0.015508 0.21958 0.42427 0.87851 0.37476 0.79472 -0.47747
6791.1 -2.039 1058 136.71 -0.90189 0.43168 0.015851 0.21903 0.42536 0.87812 0.37233 0.79544 -0.47817
6801.1 -0.99763 1058.1 135.98 -0.90304 0.4293 0.015173 0.21746 0.4264 0.87801 0.37046 0.79617 -0.47841
6811.1 -0.022575 1058.1 135.24 -0.9037 0.42792 0.014793 0.21684 0.42758 0.87758 0.36921 0.79628 -0.47919
6821.1 0.90991 1058.1 134.46 -0.90414 0.427 0.01397 0.216 0.42866 0.87726 0.3686 0.79619 -0.4798
6831.1 1.8339 1057.4 134.18 -0.90508 0.42514 0.009153 0.21262 0.4338 0.87556 0.36827 0.7944 -0.48302
6841 2.7162 1057.4 133.39 -0.90477 0.42579 0.009515 0.21358 0.43429 0.87509 0.36847 0.79379 -0.48388
6851 3.4904 1058.2 132.19 -0.90295 0.42953 0.014058 0.21885 0.43143 0.8752 0.36986 0.79333 -0.48356
6861 4.2843 1057.7 131.8 -0.90255 0.43048 0.009897 0.21702 0.43491 0.87393 0.3719 0.79091 -0.48595
6871 4.9198 1058.3 130.89 -0.90018 0.43529 0.013984 0.22272 0.43252 0.87368 0.37426 0.78959 -0.4863
6881 5.6635 1058.3 130.34 -0.89876 0.43825 0.013179 0.22415 0.43345 0.87286 0.37682 0.78744 -0.4878
6891 6.4829 1058.4 129.79 -0.8974 0.44104 0.012122 0.22519 0.43424 0.8722 0.37941 0.78544 -0.48901
6901 7.2739 1058.5 129.27 -0.89581 0.44429 0.011392 0.22661 0.43456 0.87167 0.38233 0.78343 -0.48996
6911 8.1298 1058.7 128.77 -0.89419 0.44756 0.010718 0.22794 0.43454 0.87133 0.38532 0.78158 -0.49058
6921 9.0214 1058.6 128.51 -0.89284 0.45025 0.010724 0.23011 0.43558 0.87024 0.38715 0.77946 -0.4925
6931 9.8684 1058.9 127.99 -0.89057 0.45473 0.010096 0.23192 0.4349 0.8701 0.39127 0.77723 -0.49277
6941 10.795 1058.6 127.88 -0.88976 0.45639 0.005513 0.22986 0.43762 0.86928 0.39432 0.77472 -0.49428
6951 11.793 1059.3 127.16 -0.88763 0.46042 0.010929 0.23621 0.43475 0.86902 0.39537 0.77395 -0.49466
6961 12.875 1059.3 126.8 -0.88678 0.46204 0.011545 0.23813 0.43534 0.8682 0.39612 0.77265 -0.49608
6971 13.956 1059.7 126.3 -0.8861 0.46332 0.012912 0.23978 0.43439 0.86822 0.39666 0.77243 -0.496
6981 15.097 1059.9 125.81 -0.88593 0.46359 0.014285 0.24123 0.43425 0.86789 0.39615 0.77234 -0.49655
6991 16.326 1060.1 125.19 -0.88635 0.46276 0.015624 0.2417 0.43363 0.86807 0.39493 0.77319 -0.4962
7001 17.593 1060.3 124.5 -0.8872 0.46107 0.017063 0.24218 0.4339 0.8678 0.39272 0.77404 -0.49662
7011 18.836 1060.5 123.7 -0.88822 0.45905 0.018405 0.24221 0.43385 0.86782 0.39039 0.77527 -0.49654
7021 20.046 1060.5 122.83 -0.88936 0.45681 0.019319 0.24211 0.43468 0.86743 0.38785 0.77613 -0.49718
7031 21.191 1060.5 122.01 -0.89073 0.45408 0.020037 0.24207 0.43661 0.86647 0.3847 0.77665 -0.49883
7041 22.281 1060.4 121.04 -0.89192 0.45178 0.019528 0.24142 0.43921 0.86534 0.38236 0.77653 -0.5008
7051 23.292 1060.4 119.98 -0.8929 0.44986 0.018716 0.24054 0.44147 0.86444 0.38061 0.77636 -0.50239
7061 24.168 1060.4 118.96 -0.89349 0.44873 0.017847 0.24016 0.44385 0.86332 0.37947 0.77565 -0.50434
7071 24.954 1060.4 117.93 -0.89364 0.44845 0.017467 0.24055 0.44577 0.86222 0.37888 0.77472 -0.50623
7081 25.685 1060.4 116.94 -0.89351 0.44873 0.016874 0.24113 0.44776 0.86103 0.37882 0.7734 -0.50828
7091 26.533 1060.2 115.66 -0.89343 0.44895 0.015119 0.24065 0.44993 0.86003 0.37931 0.77201 -0.51002
7101 27.161 1060.6 114.87 -0.89259 0.45057 0.016241 0.24242 0.44925 0.85989 0.38015 0.77147 -0.51022
7111 27.915 1060.7 113.99 -0.89183 0.45203 0.017303 0.24452 0.44953 0.85915 0.38058 0.77045 -0.51144
