8288 -106.58 1018 173.22 -0.97986 0.11366 -0.1642 -0.095312 0.4564 0.88466 0.17549 0.88249 -0.43637
8298 -106.58 1017.5 173.34 -0.98005 0.11359 -0.16309 -0.093806 0.45909 0.88342 0.17522 0.8811 -0.43928
8308 -106.34 1018.7 173.21 -0.97969 0.11093 -0.16701 -0.099201 0.45569 0.8846 0.17424 0.8832 -0.43543
8318 -106.61 1017.3 173.47 -0.98023 0.11433 -0.16146 -0.091642 0.46087 0.88272 0.17533 0.88007 -0.44129
8328 -106.36 1018.1 173.38 -0.98005 0.11237 -0.16394 -0.095388 0.45769 0.88398 0.17436 0.88198 -0.43784
8338 -106.35 1018.3 173.39 -0.97995 0.11232 -0.16457 -0.096139 0.4569 0.88431 0.17451 0.8824 -0.43694
8348 -106.51 1017.7 173.46 -0.98025 0.11398 -0.1616 -0.092437 0.45831 0.88397 0.17482 0.88145 -0.43873
8358 -106.71 1017.1 173.56 -0.98029 0.11546 -0.16033 -0.09023 0.46029 0.88317 0.17577 0.88023 -0.4408
8368 -106.76 1017.2 173.49 -0.98001 0.11511 -0.16229 -0.092286 0.45964 0.8833 0.17627 0.88061 -0.43983
8378 -106.74 1017.3 173.45 -0.97945 0.11342 -0.16675 -0.097128 0.45936 0.88293 0.17674 0.88098 -0.4389
8388 -106.77 1017.2 173.44 -0.9791 0.11281 -0.16924 -0.099605 0.45955 0.88255 0.17734 0.88096 -0.43871
8398 -106.67 1017.5 173.37 -0.97835 0.11104 -0.17464 -0.10558 0.45796 0.88268 0.17799 0.88201 -0.43632
8408 -106.61 1018 173.26 -0.97748 0.1094 -0.18047 -0.11187 0.45654 0.88264 0.17895 0.88295 -0.43402
8418 -106.51 1018.2 173.2 -0.97672 0.10835 -0.18513 -0.11681 0.45521 0.88269 0.17991 0.88377 -0.43196
8428 -106.44 1018.7 173.13 -0.97606 0.10814 -0.1887 -0.12058 0.45302 0.88331 0.181 0.88492 -0.42914
8438 -106.45 1018.4 173.11 -0.9755 0.10921 -0.19096 -0.12199 0.45379 0.88272 0.18305 0.88439 -0.42935
8448 -106.44 1018.2 173.12 -0.97505 0.11068 -0.19242 -0.12268 0.45373 0.88265 0.185 0.88424 -0.42883
8458 -106.38 1018.1 173.11 -0.97451 0.11193 -0.19442 -0.12388 0.45404 0.88233 0.18703 0.88392 -0.4286
8468 -106.35 1017.9 173.15 -0.9742 0.11427 -0.19462 -0.12307 0.4539 0.88251 0.18918 0.8837 -0.42813
8478 -106.36 1017.3 173.26 -0.97437 0.11861 -0.19115 -0.11769 0.45536 0.88249 0.19171 0.88237 -0.42973
8488 -109.43 1005.9 175.44 -0.9779 0.15339 -0.1421 -0.048147 0.49614 0.86691 0.20347 0.85459 -0.47779
8498 -105.76 1017.5 173.28 -0.9745 0.12492 -0.18638 -0.11091 0.45389 0.88413 0.19505 0.88226 -0.42846
8508 -108.72 1005.7 175.4 -0.97767 0.16052 -0.13561 -0.039091 0.49515 0.86793 0.20647 0.85385 -0.47782
8518 -114.75 1011.5 175.54 -0.97286 0.20506 -0.10716 0.001624 0.46918 0.8831 0.23137 0.85897 -0.45678
8528 -108.37 1005.6 175.42 -0.97708 0.1725 -0.12477 -0.023708 0.49425 0.869 0.21157 0.85203 -0.47883
8538 -108.46 1005.2 175.57 -0.97605 0.17739 -0.12591 -0.022175 0.49467 0.8688 0.2164 0.85078 -0.47889
8548 -108.32 1005.2 175.53 -0.97555 0.1825 -0.12243 -0.016714 0.49385 0.86939 0.21913 0.85018 -0.47873
8558 -108.15 1005 175.59 -0.97512 0.1868 -0.11939 -0.011758 0.49419 0.86928 0.22138 0.84905 -0.4797
8567.9 -107.97 1004.9 175.63 -0.97469 0.19008 -0.11766 -0.008387 0.49487 0.86893 0.22339 0.84792 -0.48075
8577.9 -107.8 1004.9 175.58 -0.97427 0.19273 -0.11684 -0.006428 0.49445 0.86918 0.22529 0.84757 -0.48049
8587.9 -107.64 1005 175.57 -0.97389 0.19463 -0.11689 -0.005534 0.49434 0.86925 0.22697 0.8472 -0.48035
8597.9 -107.55 1005 175.56 -0.97344 0.19649 -0.11754 -0.005219 0.49417 0.86935 0.22891 0.84687 -0.48002
8607.9 -107.45 1005 175.55 -0.97312 0.19798 -0.11766 -0.004667 0.49384 0.86954 0.23025 0.84671 -0.47964
8617.9 -107.12 1004.8 175.56 -0.97291 0.1976 -0.12001 -0.006812 0.49438 0.86922 0.23109 0.84649 -0.47964
8627.9 -111.27 1008.7 175.73 -0.96891 0.22566 -0.10143 0.018998 0.47661 0.87891 0.24668 0.84966 -0.46608
8637.9 -106.91 1004.7 175.6 -0.97252 0.1998 -0.11951 -0.005269 0.4943 0.86927 0.23275 0.84602 -0.47967
8647.9 -110.85 1008.4 175.75 -0.96862 0.22639 -0.10256 0.018486 0.47714 0.87863 0.24785 0.84917 -0.46635
8657.9 -106.79 1004.6 175.58 -0.97209 0.20229 -0.11882 -0.00376 0.49298 0.87004 0.23458 0.8462 -0.47846
8667.9 -106.72 1004.6 175.6 -0.97193 0.20382 -0.11752 -0.002027 0.49223 0.87046 0.23526 0.84627 -0.478
8677.9 -106.72 1004.7 175.52 -0.97168 0.2056 -0.11646 -0.000701 0.49034 0.87153 0.23629 0.84693 -0.47631
8687.9 -106.48 1005.1 175.36 -0.97179 0.20811 -0.11094 0.004638 0.4872 0.87328 0.23579 0.84813 -0.47442
8697.9 -106.63 1004.6 175.54 -0.97128 0.20877 -0.11411 0.00236 0.48806 0.87281 0.23791 0.84748 -0.47453
8707.9 -106.54 1004.4 175.57 -0.97108 0.20998 -0.11368 0.003087 0.48708 0.87335 0.23875 0.84774 -0.47364
8717.9 -106.59 1004.5 175.52 -0.97091 0.21182 -0.11169 0.005168 0.48486 0.87458 0.23941 0.84855 -0.47185
8727.9 -106.58 1004.4 175.49 -0.97087 0.21282 -0.11013 0.006616 0.48322 0.87548 0.23953 0.84924 -0.47055
8737.9 -106.52 1004.3 175.49 -0.97093 0.21319 -0.10883 0.007589 0.48187 0.87621 0.23924 0.84992 -0.46948
8747.9 -106.6 1004.3 175.44 -0.97099 0.21418 -0.10633 0.009605 0.47923 0.87764 0.23893 0.85115 -0.46739
8757.9 -106.59 1004.2 175.51 -0.97117 0.21424 -0.10456 0.010822 0.47776 0.87842 0.23815 0.85197 -0.46631
8767.9 -106.64 1004.1 175.54 -0.97146 0.21443 -0.10145 0.013132 0.47563 0.87955 0.23685 0.85311 -0.46486
8777.9 -106.68 1004 175.61 -0.97185 0.21422 -0.098116 0.015453 0.47347 0.88067 0.23511 0.85436 -0.46345
8787.9 -106.83 1004 175.63 -0.97228 0.2141 -0.093956 0.018352 0.4705 0.88221 0.23308 0.85603 -0.46139
8797.9 -106.87 1004 175.69 -0.97286 0.21329 -0.089697 0.021098 0.46781 0.88358 0.23042 0.85771 -0.45962
8807.9 -107.02 1004.4 175.64 -0.97336 0.21271 -0.08557 0.023185 0.46262 0.88626 0.2281 0.86066 -0.45522
8817.9 -107.2 1004.8 175.62 -0.97377 0.21222 -0.082021 0.024725 0.45707 0.88909 0.22617 0.86374 -0.45033
8827.9 -111.01 1009.3 175.69 -0.97013 0.23455 -0.061945 0.046953 0.43205 0.90063 0.23801 0.87081 -0.43016
8837.9 -110.68 1009.5 175.59 -0.97108 0.22992 -0.064412 0.041054 0.42652 0.90355 0.23522 0.87477 -0.42362
8847.9 -107.95 1007.3 175.39 -0.97461 0.20958 -0.078771 0.020111 0.43234 0.90148 0.22299 0.87701 -0.42558
8857.9 -108.23 1008.2 175.41 -0.97483 0.20794 -0.080438 0.015658 0.42374 0.90565 0.2224 0.88159 -0.41634
8867.9 -108.53 1009.6 175.35 -0.97503 0.20613 -0.082653 0.010288 0.41369 0.91036 0.22184 0.88677 -0.40548
8877.9 -108.83 1010.8 175.41 -0.97516 0.20421 -0.085795 0.004455 0.40533 0.91416 0.22146 0.89107 -0.39618
8887.9 -111.85 1014.9 175.67 -0.97255 0.21959 -0.077001 0.013521 0.38367 0.92337 0.23231 0.89698 -0.3761
8897.9 -111.49 1015.8 175.53 -0.97333 0.21376 -0.083301 0.003831 0.37819 0.92572 0.22939 0.90071 -0.36892
8907.9 -110.96 1016 175.33 -0.9741 0.20667 -0.091713 -0.007318 0.37659 0.92635 0.22599 0.90303 -0.36532
8917.9 -109.65 1017.1 174.68 -0.97561 0.19719 -0.096399 -0.016106 0.3737 0.92741 0.2189 0.90635 -0.36141
8927.9 -109.39 1018.3 174.43 -0.9759 0.19422 -0.099452 -0.020479 0.37223 0.92791 0.21724 0.90759 -0.35929
8937.9 -109.17 1019.6 174.15 -0.97622 0.19239 -0.099957 -0.021534 0.37272 0.92769 0.21573 0.90778 -0.35972
8947.9 -108.81 1020.9 173.87 -0.97634 0.19072 -0.10192 -0.023585 0.37459 0.92689 0.21495 0.90737 -0.36122
8957.9 -108.55 1022 173.73 -0.97621 0.19121 -0.10221 -0.022743 0.37853 0.92531 0.21562 0.90562 -0.36518
8967.9 -107.95 1022.4 173.72 -0.97603 0.19017 -0.10582 -0.024657 0.38648 0.92197 0.21623 0.90248 -0.37252
8977.9 -107.74 1023.6 173.48 -0.9756 0.19273 -0.10517 -0.021989 0.39084 0.9202 0.21845 0.90006 -0.37706
8987.9 -107.6 1025 173.14 -0.97491 0.19628 -0.10496 -0.019746 0.39342 0.91915 0.2217 0.89816 -0.37968
8997.9 -107.3 1026.1 172.9 -0.97436 0.19925 -0.10451 -0.01708 0.39767 0.91737 0.22434 0.89563 -0.38408
9007.9 -112.12 1032.4 173.35 -0.96844 0.23506 -0.08284 0.01237 0.3773 0.92601 0.24893 0.89576 -0.36831
9017.9 -112 1033.9 173.15 -0.96741 0.23973 -0.081594 0.01576 0.37858 0.92543 0.25274 0.89398 -0.37002
9027.9 -106.54 1031.1 171.81 -0.97236 0.21019 -0.10165 -0.009742 0.39847 0.91713 0.23328 0.89277 -0.38541
9037.9 -106.04 1032.5 171.55 -0.97183 0.21235 -0.10224 -0.009301 0.39892 0.91694 0.2355 0.89206 -0.38571
9047.9 -105.26 1033.2 171.48 -0.97143 0.21197 -0.10675 -0.013085 0.40125 0.91587 0.23697 0.8911 -0.38701
9057.9 -104.64 1034.8 171.15 -0.97113 0.21251 -0.10838 -0.015055 0.39884 0.9169 0.23808 0.89206 -0.38412
9067.9 -108.46 1040.4 171.62 -0.9663 0.24046 -0.091891 0.005937 0.37769 0.92591 0.25735 0.89416 -0.36639
9077.9 -99.517 1049.6 169.41 -0.97189 0.18141 -0.15007 -0.078695 0.35044 0.93327 0.22189 0.91885 -0.32631
9087.9 -102.09 1039.2 170.32 -0.97147 0.20584 -0.11779 -0.028599 0.39135 0.9198 0.23542 0.89693 -0.3743
9097.9 -101.07 1040.5 170.04 -0.97196 0.20241 -0.11971 -0.0325 0.38856 0.92085 0.2329 0.89892 -0.37108
9107.9 -100 1041.9 169.73 -0.9725 0.19904 -0.12093 -0.035852 0.38509 0.92218 0.23012 0.90116 -0.36737
9117.9 -98.766 1043 169.39 -0.97324 0.19508 -0.12146 -0.038464 0.38282 0.92302 0.22656 0.90299 -0.36507
9127.9 -97.571 1044.3 168.95 -0.97375 0.19183 -0.12254 -0.041418 0.38004 0.92404 0.22382 0.90486 -0.36212
9137.9 -96.298 1045.3 168.51 -0.97415 0.18917 -0.12344 -0.043592 0.37876 0.92447 0.22163 0.90596 -0.36072
9147.9 -94.671 1046.4 167.92 -0.97492 0.18821 -0.11874 -0.039793 0.37754 0.92514 0.21895 0.90666 -0.36058
9157.9 -93.827 1047.2 167.5 -0.97452 0.18832 -0.12181 -0.042499 0.37822 0.92474 0.22022 0.90636 -0.36058
9167.9 -92.517 1047.2 167.32 -0.97398 0.1888 -0.12535 -0.044534 0.38289 0.92272 0.2222 0.9043 -0.36452
9177.9 -91.351 1047.7 166.92 -0.97332 0.19208 -0.1255 -0.043057 0.38436 0.92218 0.22537 0.90298 -0.36584
9187.9 -90.176 1048.1 166.57 -0.97241 0.19627 -0.1261 -0.041465 0.38653 0.92134 0.22957 0.90115 -0.36773
9197.9 -89.072 1048.9 166.01 -0.97162 0.20203 -0.12303 -0.036403 0.3862 0.9217 0.23372 0.90002 -0.36789
9207.9 -87.662 1048.2 165.93 -0.97014 0.20581 -0.12836 -0.038592 0.39148 0.91938 0.23947 0.89688 -0.37185
9217.9 -86.614 1048.5 165.59 -0.96865 0.21207 -0.12943 -0.036965 0.39212 0.91917 0.24568 0.89514 -0.37198
9227.9 -85.482 1048.6 165.33 -0.96707 0.21787 -0.13156 -0.036341 0.39343 0.91863 0.2519 0.89317 -0.37256
9237.9 -84.485 1048.9 165.07 -0.96521 0.22428 -0.13441 -0.036935 0.39195 0.91925 0.25885 0.89223 -0.37003
9247.9 -83.367 1048.9 164.94 -0.96373 0.22924 -0.13663 -0.037142 0.39176 0.91932 0.26427 0.89105 -0.36903
9257.9 -82.102 1048.9 164.84 -0.96272 0.2326 -0.13808 -0.037485 0.39081 0.91971 0.26789 0.8906 -0.36752
9267.9 -80.618 1048.7 164.81 -0.96219 0.23389 -0.13959 -0.038679 0.38995 0.92002 0.26961 0.89064 -0.36616
9277.9 -79.21 1048.5 164.8 -0.962 0.23473 -0.13949 -0.038606 0.38881 0.92051 0.27031 0.89091 -0.36497
9287.9 -77.701 1048.2 164.71 -0.96221 0.23385 -0.13955 -0.039519 0.3871 0.92119 0.26943 0.89189 -0.36323
9297.9 -76.148 1048.2 164.46 -0.96309 0.23219 -0.13619 -0.037679 0.38468 0.92228 0.26653 0.89337 -0.36174
9307.9 -74.398 1047.5 164.34 -0.96418 0.22803 -0.13552 -0.038433 0.38543 0.92194 0.26246 0.89412 -0.36285
9317.9 -72.602 1046.7 164.2 -0.96539 0.22316 -0.135 -0.03946 0.38666 0.92138 0.25782 0.89481 -0.36447
9327.9 -70.883 1045.9 164.05 -0.96649 0.21853 -0.13466 -0.040432 0.38844 0.92058 0.25349 0.89518 -0.36659
9337.9 -69.171 1044.3 164.1 -0.96731 0.2141 -0.13593 -0.042218 0.39259 0.91875 0.25006 0.89445 -0.37071
9347.9 -67.701 1043.3 163.89 -0.9679 0.21184 -0.13523 -0.041908 0.39447 0.91795 0.2478 0.89416 -0.37294
9357.9 -66.172 1042.6 163.53 -0.96858 0.21229 -0.12954 -0.036177 0.39509 0.91793 0.24605 0.89378 -0.37499
9367.9 -65.121 1041.3 163.31 -0.96832 0.21424 -0.12827 -0.033456 0.39776 0.91688 0.24745 0.89213 -0.37799
9377.9 -64.673 1040 163.24 -0.96686 0.21752 -0.13368 -0.036397 0.40081 0.91544 0.25271 0.88996 -0.37961
9387.9 -63.877 1038.9 163.09 -0.96566 0.22163 -0.13561 -0.036005 0.40275 0.9146 0.25732 0.88807 -0.38094
9397.9 -63.082 1037.7 162.99 -0.96432 0.22595 -0.13795 -0.03588 0.40474 0.91373 0.2623 0.88608 -0.38219
9407.9 -62.36 1036.7 162.94 -0.96274 0.23046 -0.14153 -0.037179 0.40558 0.9133 0.26788 0.88453 -0.3819
9417.9 -61.563 1035.9 162.94 -0.9612 0.23451 -0.14524 -0.039029 0.40559 0.91322 0.27307 0.88346 -0.38071
9427.9 -60.74 1035 163.05 -0.95961 0.23844 -0.14933 -0.041074 0.40636 0.91279 0.27833 0.88205 -0.38015
9437.9 -60.023 1034.4 163.11 -0.9579 0.2434 -0.15224 -0.042133 0.40536 0.91318 0.28399 0.88116 -0.37804
9447.9 -58.936 1033.2 163.34 -0.95668 0.24565 -0.15625 -0.04391 0.40881 0.91156 0.28781 0.87893 -0.38032
9457.9 -58.048 1032.3 163.55 -0.95548 0.24905 -0.15824 -0.043437 0.41172 0.91027 0.29185 0.87662 -0.38257
9467.9 -57.154 1031.4 163.75 -0.95457 0.25178 -0.15936 -0.042108 0.41546 0.90864 0.29499 0.87407 -0.38599
9477.9 -56.266 1030.7 163.89 -0.95397 0.25379 -0.15978 -0.040323 0.41939 0.90691 0.29717 0.87161 -0.38985
9487.9 -55.251 1029.9 163.96 -0.95382 0.25461 -0.1594 -0.038044 0.42397 0.90487 0.29797 0.86915 -0.39471
9497.9 -54.205 1029.4 163.87 -0.954 0.2547 -0.15813 -0.035591 0.42751 0.90331 0.29768 0.86739 -0.39878
9507.9 -53.129 1029 163.7 -0.95454 0.25403 -0.15598 -0.032899 0.43028 0.90209 0.29627 0.86621 -0.40237
9517.9 -52.113 1028.8 163.46 -0.95513 0.25359 -0.15301 -0.029704 0.43201 0.90138 0.29468 0.86548 -0.40509
9527.9 -51.009 1028.7 163.16 -0.95574 0.2526 -0.15084 -0.02776 0.43296 0.90098 0.2929 0.86529 -0.40679
9537.9 -49.999 1028.2 163.16 -0.9559 0.25223 -0.15048 -0.026596 0.4359 0.8996 0.2925 0.86393 -0.40996
9547.9 -49.3 1028.4 162.94 -0.95542 0.25442 -0.14981 -0.025168 0.43538 0.8999 0.29417 0.86355 -0.40957
9557.9 -48.669 1028.6 162.8 -0.95448 0.25729 -0.15091 -0.024709 0.43599 0.89962 0.29725 0.86239 -0.40978
9567.8 -48.166 1028.8 162.73 -0.95307 0.26135 -0.15282 -0.024391 0.43683 0.89921 0.30177 0.86074 -0.40996
9577.8 -47.653 1029.2 162.59 -0.95164 0.26514 -0.15515 -0.024444 0.43809 0.8986 0.30623 0.85894 -0.41042
9587.8 -47.173 1029.6 162.45 -0.95024 0.2689 -0.15726 -0.024218 0.43953 0.8979 0.31056 0.85703 -0.41115
9597.8 -46.654 1030.3 162.27 -0.94893 0.27217 -0.15953 -0.02448 0.44063 0.89735 0.31453 0.85543 -0.41147
9607.8 -46.135 1031.2 162.04 -0.94768 0.27531 -0.16154 -0.0249 0.44078 0.89727 0.31824 0.85435 -0.41086
9617.8 -45.523 1032.2 161.79 -0.94666 0.27798 -0.16298 -0.02524 0.44027 0.89751 0.32124 0.85375 -0.40977
9627.8 -44.902 1033.4 161.53 -0.9458 0.28036 -0.16392 -0.025608 0.43877 0.89823 0.32375 0.85374 -0.40781
9637.8 -44.202 1034.8 161.17 -0.94525 0.28192 -0.16437 -0.026327 0.43617 0.89948 0.32527 0.85456 -0.40487
9647.8 -43.507 1036.2 160.81 -0.94488 0.28281 -0.16499 -0.027689 0.43308 0.90093 0.32625 0.85584 -0.40138
9657.8 -42.746 1037.7 160.41 -0.94471 0.28241 -0.16662 -0.030774 0.42954 0.90253 0.32646 0.85775 -0.3971
9667.8 -42.1 1039.3 160.07 -0.94452 0.28207 -0.1683 -0.034013 0.42564 0.90426 0.32669 0.85981 -0.39243
9677.8 -41.45 1041 159.73 -0.94428 0.28082 -0.17168 -0.03914 0.4221 0.9057 0.32681 0.86196 -0.38759
9687.8 -40.834 1042.7 159.42 -0.94406 0.27927 -0.17539 -0.044652 0.41869 0.90703 0.32674 0.86412 -0.3828
9697.8 -40.262 1044.4 159.11 -0.94395 0.27774 -0.17841 -0.04953 0.41517 0.90839 0.32637 0.86631 -0.37814
9707.8 -39.712 1046.2 158.77 -0.94371 0.27645 -0.18163 -0.054489 0.41168 0.9097 0.32626 0.86839 -0.37344
9717.8 -39.183 1048.1 158.37 -0.94365 0.27559 -0.18322 -0.057623 0.40834 0.91101 0.32588 0.87023 -0.36945
9727.8 -38.61 1049.7 157.97 -0.94348 0.27475 -0.18535 -0.060803 0.40628 0.91172 0.3258 0.87146 -0.36661
9737.8 -38.07 1051.5 157.53 -0.94322 0.27457 -0.18695 -0.063118 0.40441 0.9124 0.32612 0.87239 -0.36412
9747.8 -37.45 1053.2 156.98 -0.94303 0.27424 -0.1884 -0.065194 0.40298 0.91288 0.32627 0.87316 -0.36214
9757.8 -36.952 1054.8 156.48 -0.94247 0.27495 -0.19016 -0.066555 0.40312 0.91273 0.32761 0.87287 -0.36163
9767.8 -36.465 1056.4 155.93 -0.94174 0.27608 -0.19209 -0.06783 0.40351 0.91246 0.32942 0.87233 -0.36128
9777.8 -36.154 1058 155.35 -0.94081 0.27848 -0.19322 -0.067781 0.40398 0.91226 0.3321 0.87135 -0.36119
9787.8 -35.798 1059.5 154.77 -0.93979 0.28058 -0.19512 -0.068449 0.40483 0.91183 0.33483 0.87028 -0.36125
9797.8 -35.457 1060.9 154.2 -0.93874 0.28307 -0.19656 -0.068533 0.40565 0.91146 0.33774 0.86909 -0.3614
9807.8 -35.112 1062.3 153.64 -0.93778 0.28543 -0.19773 -0.06834 0.4066 0.91105 0.34044 0.86787 -0.36179
9817.8 -34.663 1063.5 153.08 -0.93698 0.28704 -0.19919 -0.068716 0.40758 0.91058 0.34256 0.86689 -0.36217
9827.8 -34.159 1064.9 152.49 -0.93636 0.28854 -0.19995 -0.068901 0.40743 0.91063 0.34422 0.86645 -0.36162
9837.8 -33.512 1066.2 151.87 -0.93625 0.2893 -0.19933 -0.068419 0.40637 0.91114 0.3446 0.8667 -0.36067
9847.8 -32.759 1067.4 151.32 -0.9363 0.28936 -0.19902 -0.068548 0.40522 0.91165 0.34444 0.86722 -0.35957
9857.8 -31.919 1068.7 150.69 -0.93663 0.28881 -0.1983 -0.069003 0.40286 0.91266 0.34347 0.8685 -0.3574
9867.8 -30.878 1069.7 150.07 -0.9372 0.28689 -0.19837 -0.070467 0.40126 0.91325 0.3416 0.86988 -0.35585
9877.8 -29.814 1070.9 149.38 -0.938 0.28492 -0.1974 -0.071538 0.3981 0.91455 0.33916 0.87197 -0.35303
9887.8 -28.46 1071.7 148.74 -0.93925 0.28124 -0.19678 -0.072861 0.39686 0.91498 0.33542 0.87373 -0.35226
9897.8 -27.039 1072.5 148.02 -0.9406 0.27744 -0.19569 -0.073797 0.39552 0.91549 0.33139 0.87555 -0.35155
9907.8 -25.619 1073.3 147.24 -0.9419 0.27413 -0.19409 -0.074092 0.39404 0.9161 0.32761 0.87726 -0.35084
9917.8 -24.024 1073.7 146.41 -0.94328 0.27035 -0.19271 -0.07409 0.3944 0.91595 0.32364 0.87827 -0.352
9927.8 -22.484 1074.1 145.49 -0.94441 0.26784 -0.19065 -0.072863 0.39497 0.9158 0.32059 0.87879 -0.3535
9937.8 -20.926 1074.3 144.46 -0.94521 0.26631 -0.18882 -0.071176 0.39635 0.91534 0.3186 0.87863 -0.35568
9947.8 -19.427 1074.3 143.42 -0.94572 0.26628 -0.1863 -0.067712 0.39924 0.91434 0.31785 0.87733 -0.35954
9957.8 -18.046 1074.2 142.3 -0.94561 0.26854 -0.18361 -0.063197 0.40203 0.91344 0.31911 0.87536 -0.36319
9967.8 -16.805 1074 141.15 -0.94469 0.273 -0.18172 -0.058423 0.40516 0.91238 0.32271 0.87253 -0.3668
9977.8 -15.816 1073.7 140.02 -0.94301 0.28012 -0.17964 -0.052518 0.40778 0.91157 0.3286 0.86905 -0.36983
9987.8 -14.859 1073.3 138.95 -0.94063 0.28829 -0.17917 -0.047636 0.4105 0.91061 0.33607 0.86509 -0.3724
9997.8 -13.925 1072.7 137.97 -0.93796 0.29741 -0.17824 -0.041993 0.41282 0.90984 0.34418 0.86089 -0.37472
10008 -13.086 1072.2 137.06 -0.93492 0.3073 -0.17747 -0.036945 0.41309 0.90994 0.35294 0.85727 -0.37485
10018 -12.184 1071.5 136.29 -0.93182 0.31686 -0.17696 -0.032308 0.41323 0.91005 0.36148 0.85372 -0.37482
10028 -11.221 1071.1 135.62 -0.9288 0.32664 -0.17504 -0.027335 0.41065 0.91138 0.36957 0.85128 -0.37249
10038 -9.8077 1069.9 135.2 -0.92639 0.33279 -0.17624 -0.025499 0.4115 0.91105 0.37571 0.84848 -0.37272
10048 -8.5607 1069 134.91 -0.92431 0.33939 -0.17453 -0.021183 0.41099 0.91139 0.38105 0.84611 -0.37269
10058 -7.173 1068.1 134.7 -0.92265 0.34467 -0.17296 -0.017661 0.41027 0.91179 0.38523 0.84432 -0.37245
10068 -5.6082 1067.1 134.55 -0.92175 0.34809 -0.17093 -0.014024 0.41057 0.91172 0.38754 0.84277 -0.37356
10078 -3.8578 1065.8 134.45 -0.92133 0.34989 -0.16947 -0.010856 0.41258 0.91086 0.38862 0.84104 -0.37632
10088 -1.9707 1064.3 134.39 -0.92152 0.35064 -0.16686 -0.006368 0.416 0.90934 0.38827 0.83904 -0.38112
10098 -0.3338 1063 134.39 -0.92151 0.3524 -0.16324 -0.000682 0.41885 0.90806 0.38837 0.83689 -0.38573
10108 1.4009 1061.5 134.41 -0.92166 0.35341 -0.16013 0.00479 0.42305 0.90609 0.38797 0.83434 -0.3916
10118 2.996 1059.9 134.41 -0.92159 0.35533 -0.15624 0.011334 0.42697 0.90419 0.388 0.83152 -0.39752
10128 4.4325 1058.4 134.42 -0.92101 0.35854 -0.15226 0.018582 0.43088 0.90222 0.38909 0.82813 -0.4035
10138 5.8254 1056.7 134.38 -0.92005 0.36231 -0.1491 0.025666 0.43548 0.89983 0.39095 0.82407 -0.40997
10148 6.9854 1055.1 134.33 -0.91845 0.36792 -0.14517 0.034174 0.43948 0.8976 0.39405 0.81944 -0.41622
10158 8.0537 1053.6 134.19 -0.91634 0.374 -0.143 0.040965 0.44283 0.89567 0.39831 0.81488 -0.4211
10168 9.0013 1052.1 134.01 -0.91336 0.38137 -0.14258 0.047154 0.4469 0.89334 0.40441 0.80922 -0.42617
10178 9.8091 1051 133.77 -0.91049 0.38857 -0.14146 0.051813 0.44659 0.89324 0.41026 0.80596 -0.42675
10188 10.657 1049.8 133.6 -0.90718 0.39561 -0.14321 0.05466 0.44831 0.89221 0.41717 0.80157 -0.42832
10198 11.564 1048.7 133.47 -0.90366 0.40242 -0.14647 0.055557 0.44928 0.89166 0.42463 0.79762 -0.42836
10208 12.447 1047.6 133.4 -0.89994 0.40924 -0.15046 0.055621 0.44999 0.8913 0.43246 0.79374 -0.42773
10218 13.54 1046.5 133.4 -0.89627 0.4153 -0.15564 0.054058 0.45061 0.89108 0.4402 0.79024 -0.42632
10228 14.527 1045.7 133.43 -0.89258 0.42207 -0.15859 0.054433 0.45004 0.89135 0.44758 0.78697 -0.42467
10238 15.546 1045.1 133.37 -0.88904 0.4288 -0.16043 0.05524 0.44832 0.89217 0.45448 0.78431 -0.42226
10248 16.693 1044.5 133.19 -0.88565 0.43502 -0.16242 0.056198 0.44762 0.89246 0.46094 0.78128 -0.42089
10258 18.019 1043.7 132.97 -0.88332 0.43902 -0.16433 0.056855 0.4483 0.89207 0.46531 0.77865 -0.42096
10268 19.307 1043 132.64 -0.88145 0.44253 -0.16499 0.058894 0.44962 0.89128 0.4686 0.7759 -0.42238
10278 20.741 1042.3 132.2 -0.88065 0.4443 -0.1645 0.061351 0.45122 0.8903 0.46978 0.77395 -0.42463
10288 22.267 1041.7 131.54 -0.88017 0.44542 -0.164 0.063859 0.4535 0.88897 0.47034 0.77197 -0.4276
10298 23.898 1041.1 130.78 -0.88048 0.44522 -0.16287 0.066629 0.45637 0.88729 0.46937 0.7704 -0.43149
10308 25.504 1040.8 129.71 -0.88098 0.44495 -0.16091 0.069258 0.45768 0.88642 0.46806 0.76977 -0.43402
10318 27.129 1040.6 128.57 -0.88204 0.44395 -0.15781 0.071864 0.45778 0.88616 0.46565 0.77029 -0.43568
10328 28.732 1040.3 127.41 -0.88315 0.44224 -0.15644 0.072934 0.45888 0.8855 0.46339 0.77062 -0.43752
10338 30.326 1040.1 126.17 -0.88432 0.44032 -0.15521 0.07369 0.45992 0.8849 0.46103 0.7711 -0.43916
10348 31.81 1040 124.85 -0.88501 0.43905 -0.15488 0.073679 0.46056 0.88456 0.4597 0.77144 -0.43995
10358 33.341 1040 123.54 -0.88553 0.43755 -0.15614 0.072344 0.46186 0.884 0.45891 0.77151 -0.44065
10368 34.821 1040 122.48 -0.88581 0.4368 -0.15668 0.072008 0.46293 0.88346 0.45843 0.7713 -0.44152
10378 36.463 1040.9 120.72 -0.88628 0.43719 -0.15288 0.074664 0.46064 0.88444 0.45709 0.77245 -0.4409
10388 38.251 1041.1 119.31 -0.88688 0.43624 -0.15211 0.075372 0.46145 0.88396 0.45581 0.7725 -0.44213
10398 40.084 1041.1 117.95 -0.8873 0.43399 -0.15604 0.071856 0.46431 0.88275 0.45555 0.77206 -0.44317
10408 41.982 1041.5 116.36 -0.88808 0.4326 -0.15546 0.072179 0.46523 0.88224 0.45398 0.77228 -0.44438
10418 44.033 1041.8 114.64 -0.88888 0.43033 -0.15717 0.069824 0.4663 0.88187 0.45278 0.7729 -0.44453
10428 45.88 1042.4 112.9 -0.88925 0.42924 -0.15808 0.068885 0.4673 0.88141 0.45221 0.7729 -0.44511
10438 47.662 1043 111.4 -0.88946 0.42825 -0.15956 0.067761 0.46886 0.88067 0.45195 0.77251 -0.44605
10448 49.434 1043.6 109.75 -0.88906 0.42799 -0.16247 0.066313 0.47155 0.87934 0.45296 0.77101 -0.44762
10458 51.061 1044.3 108.26 -0.88806 0.42905 -0.16515 0.065484 0.47361 0.8783 0.45505 0.76916 -0.44869
10468 52.618 1045.1 106.87 -0.88669 0.43114 -0.16703 0.065658 0.47501 0.87753 0.45768 0.76713 -0.44949
10478 54.151 1046 105.45 -0.88485 0.43415 -0.16896 0.066364 0.47644 0.8767 0.46112 0.76453 -0.45039
10488 55.511 1047.8 103.83 -0.88308 0.43923 -0.16506 0.070715 0.47234 0.87858 0.46386 0.76418 -0.44817
10498 57.037 1048.2 103 -0.88188 0.43974 -0.17004 0.067274 0.47434 0.87777 0.46664 0.76265 -0.44789
10508 58.503 1049.4 101.86 -0.88057 0.44181 -0.17148 0.066091 0.47278 0.8787 0.46929 0.76242 -0.44552
10518 60.018 1050.5 100.75 -0.87973 0.4426 -0.17372 0.063841 0.47202 0.87927 0.47117 0.76243 -0.44351
10528 61.564 1051.8 99.781 -0.87969 0.44198 -0.17553 0.06076 0.47053 0.88029 0.47166 0.76371 -0.44077
10538 63.134 1053.2 98.644 -0.87976 0.44098 -0.17764 0.057062 0.46889 0.88141 0.47198 0.76529 -0.43768
10548 64.65 1055.6 96.809 -0.88016 0.44101 -0.17556 0.055429 0.46282 0.88472 0.47142 0.76897 -0.4318
10558 66.444 1056.1 95.913 -0.88169 0.43639 -0.17942 0.05032 0.46505 0.88385 0.46915 0.77025 -0.43199
10568 67.983 1057.4 94.69 -0.88272 0.43416 -0.17976 0.048122 0.46405 0.8845 0.46743 0.77211 -0.43052
10578 69.545 1058.7 93.455 -0.88383 0.4317 -0.18023 0.04622 0.46395 0.88465 0.46552 0.77355 -0.43001
10588 70.893 1060 92.287 -0.88427 0.43095 -0.17988 0.045993 0.46369 0.8848 0.46471 0.77413 -0.42984
10598 72.359 1061 91.131 -0.88481 0.42948 -0.18074 0.045174 0.46512 0.88409 0.46376 0.77409 -0.43094
10608 73.523 1062.3 90.042 -0.88452 0.43051 -0.1797 0.046779 0.46511 0.88402 0.46415 0.77352 -0.43154
10618 74.667 1063.4 89.034 -0.88394 0.43201 -0.17891 0.048848 0.46584 0.88352 0.46503 0.77224 -0.43288
10628 75.602 1064.5 88.156 -0.88264 0.43514 -0.17779 0.052079 0.46642 0.88303 0.46716 0.77014 -0.43434
10638 76.487 1065.7 87.217 -0.88094 0.43868 -0.17752 0.053722 0.4654 0.88347 0.47018 0.76874 -0.43355
10648 77.238 1066.6 86.469 -0.87875 0.44295 -0.17773 0.056137 0.46573 0.88314 0.47396 0.76609 -0.43413
10658 77.782 1068.3 85.407 -0.87613 0.44926 -0.17479 0.060703 0.46252 0.88453 0.47823 0.76436 -0.4325
10668 78.674 1068.5 85.03 -0.87421 0.45131 -0.17908 0.059131 0.46505 0.88331 0.48193 0.76161 -0.43323
10678 79.376 1069.4 84.382 -0.87206 0.45553 -0.17891 0.061015 0.46392 0.88377 0.48558 0.75979 -0.43236
10688 80.134 1070.1 83.8 -0.87023 0.45942 -0.17789 0.063673 0.46294 0.8841 0.48852 0.75804 -0.43211
10698 80.85 1070.9 83.212 -0.86843 0.46348 -0.17611 0.066411 0.46073 0.88505 0.49134 0.75691 -0.43089
10708 81.624 1071.6 82.684 -0.86719 0.46678 -0.17347 0.069796 0.45885 0.88577 0.49306 0.75602 -0.43049
10718 82.387 1072.6 81.916 -0.86618 0.47097 -0.16708 0.076384 0.4552 0.88711 0.49385 0.75563 -0.43026
10728 83.178 1073.1 81.406 -0.86552 0.47302 -0.16472 0.079575 0.45454 0.88716 0.49452 0.75475 -0.43106
10738 84.247 1072.7 81.205 -0.86553 0.47218 -0.16706 0.078568 0.4574 0.88578 0.49466 0.75354 -0.43299
10748 85.168 1073.5 80.483 -0.86581 0.4743 -0.15943 0.085419 0.45405 0.88687 0.49303 0.75425 -0.43363
10758 86.357 1073.8 79.895 -0.86698 0.47347 -0.1555 0.087796 0.45226 0.88755 0.49056 0.75584 -0.43367
10768 87.735 1074.1 79.301 -0.86893 0.47163 -0.15009 0.090804 0.45001 0.88839 0.48654 0.75832 -0.43385
10778 89.245 1074.2 78.626 -0.87145 0.46883 -0.14409 0.093771 0.44762 0.8893 0.48143 0.76147 -0.43404
10788 90.858 1074.4 77.9 -0.87424 0.46538 -0.13828 0.096001 0.44491 0.89042 0.4759 0.76516 -0.43363
10798 92.535 1074.3 77.161 -0.87706 0.46152 -0.13326 0.097715 0.44301 0.89118 0.47033 0.7686 -0.43365
10808 94.183 1074.1 76.459 -0.87953 0.45772 -0.13004 0.09824 0.44207 0.89158 0.46559 0.7714 -0.43378
10818 95.937 1073.9 75.764 -0.88221 0.45364 -0.1262 0.098852 0.44048 0.89231 0.46037 0.77472 -0.43343
10828 97.7 1073.7 74.911 -0.8841 0.45059 -0.12385 0.098827 0.43932 0.89288 0.45674 0.77715 -0.43294
10838 99.791 1073 74.063 -0.8868 0.4465 -0.11926 0.1013 0.43957 0.89248 0.45091 0.77937 -0.43504
10848 101.19 1073.1 73.439 -0.88691 0.44685 -0.11711 0.10154 0.43589 0.89426 0.45065 0.78123 -0.43197
10858 102.72 1072.8 72.766 -0.88678 0.44793 -0.11391 0.10369 0.43299 0.89542 0.4504 0.78223 -0.43041
10868 104.24 1072.2 72.224 -0.88603 0.44997 -0.11168 0.10622 0.4315 0.89584 0.45129 0.78188 -0.43012
10878 105.59 1071.5 71.704 -0.88448 0.45351 -0.1097 0.1094 0.43012 0.89612 0.45358 0.7806 -0.43004
10888 107.21 1070.2 71.057 -0.88348 0.45621 -0.10648 0.11459 0.43083 0.89513 0.45424 0.77863 -0.4329
10898 108.41 1069.3 70.703 -0.88108 0.46109 -0.10536 0.11803 0.43006 0.89505 0.45801 0.77617 -0.43334
10908 109.67 1068.3 70.387 -0.87878 0.46552 -0.10509 0.12061 0.4297 0.89488 0.46174 0.77373 -0.43376
10918 110.41 1067.8 70.303 -0.87514 0.4724 -0.10476 0.12297 0.42651 0.89609 0.46799 0.77131 -0.43134
10928 111.43 1066.7 70.065 -0.8728 0.47719 -0.10256 0.12737 0.42553 0.89594 0.47117 0.76891 -0.43218
10938 112.91 1064.6 69.729 -0.8722 0.479 -0.099113 0.13374 0.42843 0.89362 0.47051 0.76616 -0.43774
10948 113.74 1063.2 69.632 -0.87015 0.48318 -0.096805 0.13891 0.42899 0.89256 0.4728 0.76322 -0.44041
10958 114.55 1061.7 69.59 -0.86844 0.48661 -0.095023 0.14349 0.43013 0.89129 0.47458 0.7604 -0.44336
10968 115.3 1060 69.606 -0.86701 0.48948 -0.093275 0.14827 0.43213 0.88954 0.47572 0.75741 -0.44724
10978 115.54 1058.9 69.845 -0.86446 0.49392 -0.093535 0.15071 0.43214 0.88912 0.47957 0.75452 -0.44801
10988 116.58 1056.4 69.829 -0.86481 0.49383 -0.090699 0.15673 0.43714 0.88563 0.477 0.75169 -0.45544
10998 117.19 1054.7 69.965 -0.86422 0.49517 -0.089107 0.16044 0.4391 0.884 0.47685 0.74967 -0.45892
11008 117.78 1052.9 70.107 -0.86381 0.4962 -0.087284 0.16409 0.44088 0.88244 0.47634 0.74794 -0.46226
11018 118.34 1051 70.283 -0.8634 0.49726 -0.085313 0.16799 0.44279 0.88075 0.47574 0.7461 -0.46584
11028 118.84 1049.2 70.415 -0.86288 0.49844 -0.083631 0.17099 0.44361 0.87976 0.47561 0.74483 -0.46801
11038 119.4 1047.5 70.535 -0.86241 0.49944 -0.082488 0.17333 0.44445 0.87887 0.4756 0.74365 -0.46987
11048 119.8 1045.7 70.69 -0.86161 0.50093 -0.081796 0.17568 0.44552 0.87787 0.47619 0.74201 -0.47186
11058 119.81 1044.5 70.984 -0.85962 0.50391 -0.084413 0.17453 0.44488 0.87842 0.4802 0.74038 -0.47037
11068 120.57 1042.1 71.076 -0.85983 0.50381 -0.082868 0.17829 0.44836 0.87589 0.47844 0.73835 -0.47534
11078 121.01 1040.2 71.353 -0.85888 0.50511 -0.084795 0.17882 0.45086 0.8745 0.47995 0.73592 -0.47756
11088 121.26 1038.4 71.641 -0.85718 0.50787 -0.085437 0.18068 0.45191 0.87357 0.48228 0.73338 -0.47913
11098 121.49 1036.8 71.951 -0.85535 0.51087 -0.085907 0.18259 0.45249 0.87288 0.4848 0.73093 -0.48032
11108 121.73 1035 72.308 -0.85329 0.51415 -0.086885 0.18449 0.45352 0.87194 0.48772 0.72799 -0.48183
11118 122.03 1033.5 72.544 -0.85144 0.51709 -0.087626 0.18561 0.45336 0.87179 0.49052 0.72601 -0.48198
11128 122.34 1031.9 72.813 -0.84965 0.51992 -0.088184 0.1872 0.45369 0.87128 0.49301 0.72377 -0.4828
11138 122.82 1030.4 72.985 -0.8483 0.52215 -0.088027 0.18903 0.4539 0.87077 0.49463 0.72203 -0.48375
11148 123.4 1028.9 73.063 -0.84743 0.52354 -0.08812 0.19021 0.45437 0.87027 0.49566 0.72073 -0.48463
11158 124.16 1027.5 72.981 -0.84728 0.52385 -0.08774 0.19099 0.45462 0.86997 0.49562 0.72035 -0.48524
11168 125.06 1026.3 72.737 -0.84766 0.52342 -0.08657 0.19178 0.45446 0.86988 0.49466 0.72076 -0.48561
11178 125.95 1025 72.409 -0.84828 0.5227 -0.084852 0.19317 0.45463 0.86948 0.49306 0.72117 -0.48662
11188 127.06 1024 71.799 -0.84969 0.52066 -0.083284 0.19259 0.45349 0.87021 0.49085 0.72337 -0.4856
11198 128.17 1022.8 71.124 -0.85128 0.51839 -0.081221 0.19294 0.45319 0.87028 0.48795 0.72518 -0.48581
11208 129.44 1021.9 70.231 -0.8535 0.515 -0.079435 0.19171 0.45209 0.87113 0.48455 0.72828 -0.48459
11218 130.83 1021 69.252 -0.85591 0.51112 -0.078517 0.18942 0.45117 0.87211 0.48118 0.73157 -0.48298
11228 132.21 1020.2 68.228 -0.85805 0.50754 -0.078435 0.18635 0.45001 0.87336 0.47857 0.73477 -0.48071
11238 133.62 1019.4 67.292 -0.85972 0.50467 -0.078678 0.18361 0.4491 0.87441 0.47662 0.7373 -0.47876
11248 135.1 1018.8 66.336 -0.86108 0.50223 -0.079392 0.18033 0.44763 0.87585 0.47541 0.73986 -0.47601
11258 136.53 1018.2 65.475 -0.86175 0.50092 -0.080468 0.17745 0.44619 0.87717 0.47529 0.74162 -0.47339
11268 137.94 1017.7 64.585 -0.86188 0.50052 -0.081489 0.17483 0.44411 0.87875 0.47602 0.74313 -0.47028
11278 139.23 1017.3 63.712 -0.86111 0.50172 -0.082212 0.17339 0.44181 0.88019 0.47794 0.74369 -0.46745
11288 140.6 1017.1 62.814 -0.86021 0.50302 -0.083779 0.17115 0.43953 0.88177 0.48037 0.74416 -0.46418
11298 141.92 1016.7 61.93 -0.859 0.50484 -0.085182 0.17005 0.43827 0.88261 0.48291 0.74368 -0.46232
11308 143.31 1016.6 60.953 -0.85795 0.50633 -0.086899 0.16814 0.4366 0.8838 0.48543 0.74365 -0.45972
11318 144.65 1016.5 59.912 -0.85686 0.50803 -0.087741 0.16716 0.43477 0.88489 0.4877 0.74356 -0.45746
11328 146.04 1016.3 58.901 -0.85596 0.50935 -0.088836 0.16612 0.43362 0.88565 0.48963 0.74332 -0.45578
11338 147.4 1016.2 57.787 -0.85521 0.51057 -0.089055 0.16572 0.4322 0.88642 0.49107 0.74332 -0.45424
11348 148.79 1016.3 56.613 -0.85456 0.51155 -0.089656 0.16412 0.42977 0.8879 0.49274 0.74405 -0.45122
11358 150.07 1016.4 55.464 -0.85382 0.51276 -0.089761 0.16334 0.42763 0.88907 0.49427 0.74445 -0.44888
11368 151.41 1016.5 54.39 -0.85334 0.5135 -0.090173 0.16258 0.42643 0.88979 0.49536 0.74463 -0.44738
11378 152.78 1016.6 53.341 -0.85292 0.51421 -0.090051 0.16195 0.42462 0.89077 0.49628 0.74517 -0.44544
11388 154.03 1016.9 52.323 -0.8524 0.51524 -0.089057 0.16215 0.42239 0.89179 0.49711 0.74573 -0.44359
11398 155.19 1017 51.381 -0.85154 0.51677 -0.088497 0.1625 0.42062 0.89257 0.49848 0.74567 -0.44214
11408 156.23 1017.4 50.437 -0.85026 0.51905 -0.08744 0.1631 0.41775 0.8938 0.50045 0.7457 -0.43985
11418 157.26 1017.6 49.555 -0.84875 0.52143 -0.087976 0.16263 0.4157 0.89484 0.50317 0.74519 -0.43763
11428 158.2 1017.9 48.732 -0.84673 0.52459 -0.088639 0.16236 0.41345 0.89593 0.50664 0.74422 -0.43525
11438 159.15 1018.4 47.911 -0.84457 0.52793 -0.08943 0.16149 0.41038 0.8975 0.51052 0.74356 -0.43185
11448 160.17 1019 47.036 -0.84255 0.53104 -0.089986 0.16045 0.40695 0.89925 0.51416 0.74323 -0.42808
11458 161.2 1019.6 46.193 -0.84057 0.53415 -0.09013 0.15949 0.40305 0.90117 0.51769 0.74313 -0.42398
11468 162.31 1020.1 45.332 -0.83887 0.53685 -0.089994 0.15841 0.39894 0.90319 0.52078 0.7434 -0.4197
11478 163.32 1020.7 44.434 -0.8369 0.54 -0.089466 0.15796 0.39477 0.9051 0.52407 0.74335 -0.41568
11488 164.3 1021.2 43.551 -0.83484 0.54319 -0.089331 0.15722 0.39079 0.90695 0.52756 0.74312 -0.41165
11498 165.34 1021.7 42.691 -0.83284 0.54625 -0.089365 0.15667 0.3875 0.90846 0.53087 0.7426 -0.4083
11508 166.34 1022.4 41.789 -0.83082 0.54936 -0.089147 0.1558 0.38335 0.91037 0.53429 0.74246 -0.40408
11518 167.42 1023 40.917 -0.82922 0.55178 -0.089099 0.1548 0.3799 0.91198 0.53706 0.74244 -0.40044
11528 168.35 1023.3 40.139 -0.8274 0.55476 -0.087416 0.15629 0.37696 0.91295 0.53942 0.74172 -0.3986
11538 169.48 1024.1 39.174 -0.82672 0.55611 -0.085284 0.15604 0.37228 0.91491 0.54054 0.74307 -0.39455
11548 170.6 1024.8 38.144 -0.82643 0.55688 -0.083026 0.15578 0.36786 0.91674 0.54105 0.74469 -0.39076
11558 171.89 1025.5 37.005 -0.82723 0.55606 -0.080554 0.15487 0.36347 0.91864 0.5401 0.74745 -0.38679
11568 173.13 1026.1 35.825 -0.82819 0.55499 -0.078043 0.15403 0.35928 0.92043 0.53887 0.75027 -0.38304
11578 174.57 1026.6 34.531 -0.83014 0.55225 -0.076717 0.1517 0.35612 0.92205 0.53652 0.75379 -0.3794
11588 175.94 1027.1 33.276 -0.83221 0.54932 -0.075346 0.14977 0.35355 0.92335 0.53385 0.75713 -0.3765
11598 177.24 1027.4 32.052 -0.83425 0.54647 -0.073388 0.14881 0.35131 0.92436 0.53092 0.76023 -0.37441
11608 178.57 1027.8 30.781 -0.83646 0.54334 -0.071558 0.14742 0.34884 0.92552 0.52783 0.76361 -0.37188
11618 179.91 1028.2 29.462 -0.83863 0.54017 -0.070201 0.14563 0.34653 0.92667 0.52488 0.7669 -0.36927
11628 181.21 1028.3 28.273 -0.84038 0.53769 -0.068178 0.14572 0.34531 0.92711 0.52204 0.76919 -0.36854
11638 182.48 1028.4 27.086 -0.84168 0.5359 -0.066186 0.14616 0.34411 0.92748 0.51982 0.77097 -0.36796
11648 183.77 1028.4 25.993 -0.84261 0.53475 -0.0637 0.14794 0.34358 0.9274 0.51781 0.77201 -0.36862
11658 185.11 1028.4 24.89 -0.84323 0.53412 -0.060676 0.15004 0.34225 0.92755 0.51619 0.77303 -0.36873
11668 186.38 1028.2 23.916 -0.84331 0.53426 -0.058346 0.15259 0.34211 0.92719 0.51532 0.773 -0.37002
11678 187.57 1028.2 22.991 -0.8428 0.53534 -0.055699 0.15537 0.34106 0.92711 0.51532 0.77271 -0.37062
11688 188.88 1027.6 22.218 -0.84244 0.5361 -0.053784 0.15873 0.34234 0.92607 0.51487 0.77162 -0.3735
11698 190.14 1027.3 21.485 -0.84194 0.53708 -0.051769 0.16138 0.3422 0.92566 0.51487 0.771 -0.37479
11708 191.45 1026.7 20.819 -0.84127 0.5385 -0.047805 0.16706 0.34304 0.92434 0.51416 0.76964 -0.37855
11718 192.88 1026 20.109 -0.8407 0.53994 -0.041138 0.17539 0.34338 0.92268 0.51232 0.76848 -0.38338
11728 194.25 1025.3 19.416 -0.84036 0.54093 -0.034604 0.1837 0.34429 0.92071 0.50995 0.76737 -0.3887
11738 195.74 1024.4 18.655 -0.84133 0.53977 -0.028471 0.1912 0.34646 0.91837 0.50558 0.76721 -0.39469
11748 197.3 1023.1 17.871 -0.84369 0.53633 -0.023392 0.19734 0.35036 0.91559 0.49925 0.76785 -0.40143
11758 198.77 1021.9 17.001 -0.84708 0.53109 -0.020299 0.20026 0.35433 0.91343 0.4923 0.76968 -0.4065
11768 200.21 1020.5 16.093 -0.8513 0.52434 -0.0188 0.20114 0.35924 0.91131 0.48459 0.77202 -0.41128
11778 201.54 1019.1 15.083 -0.85556 0.51742 -0.017108 0.20186 0.36385 0.90932 0.47672 0.77453 -0.41574
11788 202.77 1017.7 14.031 -0.85955 0.51082 -0.015586 0.20221 0.36795 0.90759 0.46935 0.77697 -0.41957
11798 203.78 1016.1 13.024 -0.86251 0.50584 -0.014171 0.20344 0.37225 0.90556 0.46335 0.77817 -0.42397
11808 204.74 1014.8 12.027 -0.86486 0.50182 -0.013578 0.20305 0.37442 0.90476 0.45911 0.77973 -0.42571
11818 205.56 1013.3 11.275 -0.8662 0.49956 -0.012126 0.2042 0.376 0.90384 0.45608 0.78042 -0.4277
11828 206.31 1011.8 10.694 -0.86674 0.49864 -0.011275 0.20461 0.3761 0.9037 0.45486 0.78097 -0.42801
11838 206.93 1010.6 10.307 -0.86622 0.49957 -0.009854 0.20505 0.37339 0.90473 0.45566 0.78167 -0.42587
11848 207.43 1009.4 10.171 -0.86481 0.50203 -0.008061 0.20604 0.36947 0.90611 0.45788 0.78196 -0.42296
11858 207.85 1008.2 10.166 -0.86271 0.50566 -0.005719 0.20728 0.36392 0.90807 0.46126 0.78222 -0.41877
11868 208.15 1006.8 10.396 -0.86014 0.51005 -0.004276 0.20897 0.36003 0.90924 0.46529 0.78117 -0.41626
11878 208.35 1005.3 10.74 -0.85719 0.515 -0.002711 0.21143 0.35669 0.90998 0.46961 0.77945 -0.41464
11888 208.5 1003.8 11.156 -0.85423 0.51989 -0.001914 0.21384 0.35471 0.91019 0.47388 0.77711 -0.41418
11898 208.48 1002.3 11.629 -0.85116 0.52491 -0.002154 0.21592 0.35386 0.91003 0.47844 0.77412 -0.41453
11908 208.53 1000.7 12.144 -0.84859 0.52903 -0.003075 0.21795 0.35489 0.90915 0.48206 0.77083 -0.41646
11918 208.33 998.96 12.684 -0.84567 0.5337 -0.003302 0.22136 0.35638 0.90774 0.48564 0.76692 -0.41952
11928 208.21 997.33 13.236 -0.84327 0.53749 -0.003245 0.22477 0.35811 0.90622 0.48825 0.76346 -0.42279
11938 208.12 995.73 13.719 -0.8411 0.54088 -0.001815 0.22918 0.35942 0.90459 0.48993 0.76044 -0.42627
11948 208.02 993.99 14.264 -0.83908 0.54402 0.000802 0.23517 0.36139 0.90227 0.49056 0.75726 -0.43117
11958 207.92 992.52 14.681 -0.83723 0.54683 0.003728 0.24037 0.36187 0.90071 0.49119 0.755 -0.43441
11968 207.84 991.16 15.024 -0.83576 0.54905 0.007187 0.24535 0.3617 0.89943 0.49123 0.75348 -0.437
11978 207.7 989.78 15.351 -0.83458 0.55081 0.009716 0.24922 0.36177 0.89834 0.4913 0.75215 -0.43919
11988 207.58 988.46 15.618 -0.83403 0.55161 0.010802 0.25089 0.36176 0.89788 0.49137 0.75157 -0.44011
11998 207.41 987.2 15.85 -0.83371 0.55209 0.011354 0.25154 0.36139 0.89784 0.49159 0.75139 -0.44017
12008 207.44 985.89 16.105 -0.83432 0.55118 0.010687 0.25066 0.36201 0.89784 0.491 0.75176 -0.44019
12018 207.52 984.71 16.283 -0.83503 0.5501 0.010171 0.24943 0.36202 0.89818 0.49041 0.75255 -0.43951
12028 207.66 983.51 16.424 -0.83565 0.54917 0.010402 0.24911 0.36205 0.89826 0.48953 0.75322 -0.43934
12038 207.83 982.29 16.544 -0.83614 0.54841 0.011002 0.2497 0.3627 0.89783 0.48838 0.75346 -0.44021
12048 208.13 981.17 16.515 -0.83688 0.54727 0.011751 0.25021 0.36335 0.89743 0.48686 0.75397 -0.44101
12058 208.52 979.9 16.414 -0.83778 0.54586 0.012876 0.25165 0.36509 0.89632 0.48457 0.75415 -0.44323
12068 209.01 978.83 16.128 -0.83899 0.544 0.012916 0.25161 0.36679 0.89563 0.48248 0.75467 -0.44461
12078 209.57 977.67 15.768 -0.84033 0.54193 0.012927 0.25209 0.36956 0.89436 0.4799 0.75481 -0.44716
12088 210.24 976.47 15.365 -0.8419 0.53948 0.01273 0.25263 0.37319 0.8927 0.47684 0.75478 -0.45048
12098 211.03 975.5 14.802 -0.84379 0.53652 0.013 0.25262 0.37568 0.89165 0.47351 0.75565 -0.45253
12108 211.96 974.67 14.145 -0.84588 0.53318 0.014138 0.25278 0.3774 0.89088 0.46967 0.75716 -0.45401
12118 212.95 973.73 13.432 -0.84833 0.52924 0.015693 0.25333 0.37968 0.88976 0.46494 0.75878 -0.45616
12128 214.09 972.97 12.575 -0.85132 0.52436 0.017495 0.25313 0.3813 0.88912 0.45955 0.76136 -0.45733
12138 215.34 972.37 11.568 -0.85486 0.51853 0.01856 0.2515 0.38281 0.88894 0.45383 0.76458 -0.45766
12148 216.69 971.72 10.448 -0.85884 0.51189 0.019251 0.24933 0.3849 0.88864 0.44747 0.768 -0.4582
12158 218.07 970.93 9.2534 -0.863 0.50487 0.018525 0.24635 0.38852 0.8879 0.44107 0.77082 -0.45966
12168 219.46 970.34 7.8814 -0.86718 0.49771 0.01713 0.24242 0.39183 0.88752 0.43502 0.77379 -0.46044
