6175.6 131.84 971.16 182 0.029455 -0.43337 -0.90073 0.76781 0.58678 -0.25721 0.64 -0.68402 0.35003
6185.6 118.46 953.08 -98.395 0.99491 -0.090641 -0.044147 0.00588 0.48929 -0.8721 0.10065 0.8674 0.48733
6195.6 118.6 952.91 -98.233 0.99472 -0.092618 -0.044222 0.006996 0.49106 -0.8711 0.1024 0.86619 0.48911
6205.6 118.47 953.1 -98.419 0.99474 -0.092633 -0.043692 0.007434 0.49077 -0.87126 0.10215 0.86635 0.48888
6215.6 340.71 1047.8 -0.34555 0.28375 -0.8115 0.51084 0.95547 0.19428 -0.22211 0.080996 0.55112 0.83049
6225.6 118.99 952.57 -97.793 0.99422 -0.097317 -0.045289 0.008901 0.49522 -0.86872 0.10697 0.8633 0.49322
6235.6 118.48 952.87 -98.296 0.99464 -0.094186 -0.042613 0.009505 0.49378 -0.86953 0.10294 0.86447 0.49204
6245.6 118.49 952.87 -98.303 0.99464 -0.094491 -0.042084 0.010145 0.494 -0.8694 0.10294 0.86431 0.49231
6255.6 118.55 952.83 -98.221 0.99461 -0.094966 -0.041677 0.010813 0.49464 -0.86903 0.10314 0.8639 0.493
6265.6 118.45 952.89 -98.256 0.99462 -0.094739 -0.041791 0.010578 0.49445 -0.86914 0.10301 0.86403 0.49279
6275.6 118.48 952.92 -98.203 0.99457 -0.095196 -0.042017 0.010622 0.49457 -0.86908 0.10351 0.86391 0.49289
6285.6 118.75 952.62 -97.843 0.99433 -0.09716 -0.043265 0.010712 0.49621 -0.86814 0.10582 0.86275 0.49444
6295.6 118.22 953.12 -98.382 0.99478 -0.093478 -0.040965 0.010479 0.49281 -0.87007 0.10152 0.8651 0.49122
6305.6 118.81 952.76 -97.832 0.99428 -0.097428 -0.043774 0.010161 0.49425 -0.86926 0.10633 0.86384 0.49241
6315.6 118.51 953.06 -98.143 0.99457 -0.095105 -0.042287 0.010004 0.49176 -0.87067 0.1036 0.86552 0.49004
6325.5 118.73 952.82 -97.799 0.99433 -0.0967 -0.044354 0.009087 0.49259 -0.87022 0.106 0.86487 0.49067
6335.5 118.79 952.87 -97.82 0.9943 -0.096815 -0.044753 0.008626 0.49121 -0.871 0.10631 0.86565 0.48924
6345.5 118.75 952.79 -97.724 0.99427 -0.096512 -0.045972 0.007326 0.49055 -0.87138 0.10665 0.86606 0.48844
6355.5 118.84 952.7 -97.565 0.99417 -0.096948 -0.04722 0.006387 0.49006 -0.87167 0.10765 0.86628 0.48782
6365.5 119.16 952.45 -97.205 0.99389 -0.09897 -0.048971 0.005927 0.49066 -0.87133 0.11026 0.86571 0.48824
6375.5 118.92 952.53 -97.365 0.99401 -0.097512 -0.049447 0.004563 0.48887 -0.87235 0.10924 0.86689 0.48638
6385.5 118.77 952.57 -97.397 0.99402 -0.096894 -0.050276 0.003368 0.48757 -0.87308 0.10911 0.86769 0.48498
6395.5 118.84 952.52 -97.309 0.99395 -0.097414 -0.05082 0.00309 0.48713 -0.87332 0.10983 0.86788 0.48448
6405.5 118.85 952.44 -97.306 0.99383 -0.097986 -0.052028 0.002203 0.4863 -0.87379 0.11092 0.86828 0.48351
6415.5 118.62 952.68 -97.561 0.99393 -0.096928 -0.052075 0.00137 0.48414 -0.87499 0.11002 0.8696 0.48133
6425.5 118.73 952.47 -97.331 0.99372 -0.098164 -0.053626 0.000672 0.48465 -0.87471 0.11186 0.86918 0.48167
6435.5 118.96 952.31 -97.059 0.99343 -0.10019 -0.055379 0.000183 0.48515 -0.87443 0.11447 0.86867 0.48198
6445.5 118.92 952.33 -97.125 0.99338 -0.1004 -0.055819 -0.000218 0.48426 -0.87492 0.11487 0.86914 0.48103
6455.5 118.78 952.31 -97.121 0.99338 -0.10018 -0.056278 -0.000801 0.48372 -0.87522 0.1149 0.86947 0.48044
6465.5 118.57 952.5 -97.29 0.99351 -0.099233 -0.05562 -0.000886 0.48216 -0.87608 0.11375 0.87044 0.47895
6475.5 118.69 952.33 -97.136 0.99331 -0.1006 -0.056713 -0.00113 0.48259 -0.87585 0.11548 0.87005 0.47924
6485.5 118.67 952.34 -97.174 0.99333 -0.1007 -0.056244 -0.000723 0.48217 -0.87608 0.11534 0.87027 0.47888
6495.5 118.54 952.34 -97.162 0.99332 -0.10053 -0.056721 -0.001226 0.48219 -0.87606 0.11542 0.87028 0.47885
6505.5 118.66 952.14 -97.009 0.99314 -0.10172 -0.057624 -0.001307 0.48319 -0.87551 0.1169 0.86958 0.47975
6515.5 118.5 952.42 -97.276 0.99325 -0.10108 -0.056864 -0.001136 0.48181 -0.87628 0.11597 0.87043 0.47844
6525.5 118.67 952.2 -97.038 0.99304 -0.10273 -0.057613 -0.000828 0.48304 -0.8756 0.11778 0.86955 0.47959
6535.5 118.61 952.32 -97.145 0.99306 -0.10278 -0.057097 -0.000402 0.48264 -0.87582 0.11758 0.86977 0.47925
6545.5 118.5 952.36 -97.18 0.99311 -0.10251 -0.056876 -0.000359 0.4825 -0.8759 0.11723 0.86988 0.47913
6555.5 117.67 953.24 -98.124 0.99394 -0.096941 -0.051805 0.000772 0.47746 -0.87865 0.10991 0.87329 0.47464
6565.5 118.67 952.08 -96.883 0.99296 -0.1038 -0.057086 0.000303 0.48411 -0.87501 0.11846 0.86883 0.48073
6575.5 118.48 952.37 -97.187 0.99317 -0.10259 -0.055595 0.000803 0.48244 -0.87593 0.11669 0.8699 0.47922
6585.5 118.73 952.08 -96.802 0.99288 -0.10455 -0.057139 0.000673 0.48448 -0.8748 0.11915 0.86853 0.4811
6595.5 340.78 1046.9 5.0153 0.27737 -0.81937 0.5017 0.95633 0.18535 -0.226 0.092191 0.54247 0.835
6605.5 118.24 952.5 -97.3 0.99327 -0.10178 -0.055308 0.000579 0.48183 -0.87627 0.11583 0.87034 0.47864
6615.5 118.31 952.43 -97.271 0.99321 -0.10244 -0.055124 0.001077 0.48195 -0.8762 0.11632 0.87019 0.47879
6625.5 118.48 952.16 -96.969 0.99293 -0.10411 -0.057 0.000481 0.48378 -0.87519 0.11869 0.86898 0.48041
6635.5 118.46 952.32 -97.128 0.99295 -0.10421 -0.056461 0.000886 0.48289 -0.87568 0.11852 0.86946 0.47958
6645.5 118.46 952.19 -97.006 0.99281 -0.10497 -0.057568 0.000409 0.48382 -0.87517 0.11972 0.86885 0.48038
6655.5 118.13 952.53 -97.389 0.99303 -0.10333 -0.056694 0.000141 0.48208 -0.87613 0.11786 0.87001 0.47873
6665.5 118.25 952.4 -97.248 0.99291 -0.10449 -0.056757 0.000753 0.48284 -0.87571 0.11891 0.86945 0.47949
6675.5 118.15 952.47 -97.313 0.99295 -0.10429 -0.056354 0.000965 0.48248 -0.87591 0.11854 0.86968 0.47918
6685.5 117.96 952.59 -97.478 0.99308 -0.10347 -0.055637 0.001097 0.48172 -0.87632 0.11748 0.87019 0.4785
6695.5 118.4 952.25 -97 0.99271 -0.10623 -0.056949 0.001613 0.48414 -0.87499 0.12052 0.86852 0.48078
6705.5 118.31 952.28 -97.03 0.99285 -0.10539 -0.056031 0.001967 0.48383 -0.87516 0.11934 0.86879 0.48058
6715.5 118.19 952.46 -97.203 0.99302 -0.10425 -0.055177 0.001997 0.48259 -0.87585 0.11794 0.86962 0.47943
6725.5 118.27 952.32 -97.055 0.99297 -0.10443 -0.05569 0.001717 0.48322 -0.8755 0.11834 0.86925 0.48001
6735.5 118.27 952.38 -97.065 0.99299 -0.10426 -0.055628 0.001629 0.48277 -0.87574 0.11816 0.86952 0.47956
6745.5 118.52 952.19 -96.9 0.99285 -0.10532 -0.056121 0.001789 0.48334 -0.87543 0.11933 0.86907 0.48008
6755.5 118.13 952.51 -97.258 0.9932 -0.1025 -0.055166 0.000967 0.48117 -0.87663 0.1164 0.87062 0.47799
6765.5 118.42 952.28 -96.932 0.99292 -0.10421 -0.057079 0.000258 0.48229 -0.87601 0.11882 0.86979 0.4789
6775.5 118.19 952.47 -97.205 0.99316 -0.10212 -0.056557 -0.000523 0.48059 -0.87694 0.11674 0.87098 0.47725
6785.5 341.24 1046.8 6.8022 0.27564 -0.82265 0.49726 0.95681 0.18508 -0.22417 0.092378 0.53758 0.83814
6795.5 118.48 952.12 -96.847 0.99282 -0.10337 -0.060181 -0.00293 0.48195 -0.87619 0.11958 0.87008 0.47819
6805.5 118.3 952.3 -97.07 0.99301 -0.10165 -0.059906 -0.003729 0.48041 -0.87703 0.11793 0.87113 0.47668
6815.5 118.48 952.23 -96.96 0.99297 -0.10204 -0.059995 -0.003592 0.48062 -0.87692 0.11832 0.87097 0.47687
6825.5 118.34 952.24 -97.14 0.99312 -0.10075 -0.05974 -0.004119 0.47968 -0.87743 0.11706 0.87164 0.47596
6835.5 118.42 952.17 -97.073 0.9931 -0.10092 -0.059776 -0.004035 0.47992 -0.8773 0.11723 0.87149 0.4762
6845.5 118.62 952 -96.919 0.99294 -0.10213 -0.06036 -0.003868 0.48065 -0.87691 0.11857 0.87094 0.47686
6855.5 118.41 952.13 -97.066 0.99305 -0.10111 -0.060211 -0.004357 0.47971 -0.87741 0.1176 0.87158 0.47594
6865.5 119.68 951.35 -96.153 0.99167 -0.11015 -0.066766 -0.005056 0.48467 -0.87468 0.1287 0.86774 0.48007
6875.5 118.71 951.79 -96.71 0.99266 -0.10388 -0.061946 -0.004352 0.48118 -0.87661 0.12087 0.87045 0.47719
6885.5 118.32 952.13 -97.14 0.99293 -0.10192 -0.060873 -0.004715 0.47852 -0.87807 0.11862 0.87214 0.47465
6895.5 118.3 952.07 -97.07 0.99285 -0.10247 -0.061188 -0.004719 0.47856 -0.87804 0.11926 0.87206 0.47466
6905.5 119.59 951.4 -96.168 0.99143 -0.1119 -0.067382 -0.004977 0.48311 -0.87555 0.13053 0.86838 0.47841
6915.5 118.3 952.08 -97.067 0.99272 -0.10363 -0.06134 -0.004411 0.47774 -0.87849 0.12034 0.87237 0.4738
6925.5 118.51 951.78 -96.718 0.99235 -0.10614 -0.063042 -0.004498 0.47925 -0.87767 0.12337 0.87124 0.4751
6935.5 118.09 952.12 -97.118 0.99263 -0.10418 -0.061841 -0.004731 0.47672 -0.87904 0.12106 0.87286 0.47272
6945.5 118.22 952.03 -97.013 0.99241 -0.10591 -0.062483 -0.004464 0.47677 -0.87902 0.12288 0.87263 0.47268
6955.5 119.37 951.27 -96.091 0.9909 -0.11519 -0.069677 -0.005638 0.48161 -0.87637 0.13451 0.86879 0.47657
6965.5 118.9 951.48 -96.38 0.99116 -0.11333 -0.069026 -0.006237 0.47983 -0.87734 0.13255 0.87001 0.47488
6975.5 118.1 951.83 -96.852 0.99198 -0.10837 -0.06499 -0.005527 0.47662 -0.87909 0.12624 0.87241 0.4722
6985.5 119.25 951.18 -96.087 0.99055 -0.11714 -0.071377 -0.006319 0.48081 -0.8768 0.13703 0.86896 0.47553
6995.5 117.67 952.12 -97.271 0.99219 -0.10675 -0.064556 -0.006283 0.47404 -0.88048 0.1246 0.87401 0.46967
7005.5 118.93 951.32 -96.242 0.99077 -0.11574 -0.070527 -0.006416 0.47972 -0.8774 0.13538 0.86975 0.47455
7015.5 118.22 951.7 -96.633 0.99165 -0.11076 -0.066118 -0.005282 0.47726 -0.87875 0.12889 0.87175 0.47269
7025.5 118.15 951.76 -96.734 0.99172 -0.11047 -0.065555 -0.004975 0.47691 -0.87894 0.12836 0.87198 0.47241
7035.5 117.98 951.97 -96.933 0.99193 -0.10924 -0.064297 -0.004607 0.47586 -0.87951 0.12667 0.87271 0.47151
7045.5 118.15 951.74 -96.642 0.99175 -0.11058 -0.064841 -0.00423 0.47731 -0.87873 0.12812 0.87175 0.4729
7055.5 118.71 951.63 -96.437 0.99102 -0.11484 -0.068462 -0.005199 0.47858 -0.87803 0.13359 0.8705 0.47369
7065.5 119.01 951.29 -96.044 0.99063 -0.11707 -0.07031 -0.00546 0.4805 -0.87697 0.13645 0.86914 0.47536
7075.5 117.91 951.96 -96.817 0.99199 -0.10895 -0.064011 -0.004496 0.47583 -0.87953 0.12628 0.87276 0.47153
7085.5 118.75 951.59 -96.297 0.99095 -0.11496 -0.069302 -0.005901 0.47846 -0.87809 0.13411 0.87055 0.47345
7095.5 117.86 952.22 -96.969 0.99221 -0.10734 -0.063269 -0.004881 0.47391 -0.88056 0.1245 0.87401 0.46969
7105.5 118.54 951.77 -96.341 0.99174 -0.11041 -0.065351 -0.004837 0.47682 -0.87899 0.12821 0.87204 0.47234
7115.5 118.64 951.97 -96.452 0.99195 -0.10891 -0.064607 -0.00509 0.47548 -0.87971 0.12653 0.87296 0.4711
7125.5 119.32 952.01 -96.246 0.9918 -0.11032 -0.06452 -0.00431 0.47568 -0.87961 0.12773 0.87267 0.47131
7135.5 120.66 951.97 -95.909 0.99102 -0.11565 -0.067073 -0.003823 0.47698 -0.87891 0.13364 0.87127 0.47226
7145.5 121.66 952.32 -95.848 0.99087 -0.11756 -0.066045 -0.002094 0.47631 -0.87928 0.13483 0.87138 0.47171
7155.5 123.2 952.43 -95.486 0.99044 -0.12187 -0.064615 0.001381 0.47716 -0.87882 0.13794 0.87032 0.47277
7165.5 124.18 953.4 -95.99 0.9906 -0.12244 -0.061007 0.00429 0.47357 -0.88075 0.13673 0.87221 0.46964
7175.5 126.24 953.6 -95.53 0.98967 -0.12967 -0.06107 0.007932 0.47497 -0.87996 0.14311 0.87039 0.4711
7185.5 128.67 954.07 -95.283 0.98847 -0.13853 -0.061211 0.012066 0.47492 -0.87995 0.15097 0.86906 0.47111
7195.5 130.63 954.76 -95.242 0.98761 -0.14446 -0.061337 0.014636 0.47389 -0.88047 0.15626 0.86866 0.47013
7205.5 133.29 955.11 -94.756 0.98605 -0.15392 -0.063307 0.017605 0.47472 -0.87996 0.16549 0.86657 0.47081
7215.5 133.67 957.21 -96.38 0.98719 -0.1488 -0.057524 0.018452 0.46464 -0.88531 0.15846 0.87291 0.46144
7225.5 136.1 957.45 -95.834 0.98608 -0.15566 -0.058492 0.02092 0.46508 -0.88502 0.16497 0.87147 0.46187
7235.5 138.42 958.09 -95.648 0.98473 -0.16226 -0.063038 0.019473 0.46253 -0.88639 0.17299 0.87163 0.45863
7245.5 131.17 958.19 -94.288 0.98282 -0.14351 -0.11601 -0.034927 0.47263 -0.88057 0.1812 0.8695 0.45949
7255.5 136.68 958.31 -93.758 0.9816 -0.1583 -0.10675 -0.020489 0.46852 -0.88321 0.18982 0.86915 0.45666
7265.5 132.45 958.82 -93.225 0.97728 -0.14943 -0.1503 -0.062848 0.47293 -0.87886 0.20241 0.86834 0.45279
7275.5 134.87 958.75 -92.357 0.97505 -0.15668 -0.15722 -0.06582 0.47236 -0.87894 0.21198 0.86737 0.45027
7285.5 135.79 958.87 -91.726 0.97159 -0.16106 -0.17338 -0.078552 0.47162 -0.8783 0.22323 0.86697 0.44557
7295.5 141.26 958.55 -91.023 0.9706 -0.17586 -0.16431 -0.064947 0.466 -0.8824 0.23175 0.86713 0.44088
7305.5 142.34 958.31 -90.078 0.96687 -0.18077 -0.18024 -0.077323 0.46549 -0.88167 0.24328 0.86639 0.43609
7315.5 144.78 957.98 -89.031 0.96388 -0.18864 -0.18801 -0.081607 0.46276 -0.88272 0.25352 0.86618 0.43065
7325.4 158.77 955.86 -85.577 0.95837 -0.23582 -0.16101 -0.036169 0.4591 -0.88765 0.28324 0.85652 0.43145
7335.4 159.56 956.22 -85.43 0.95706 -0.23614 -0.16815 -0.045143 0.45157 -0.89109 0.28635 0.86042 0.42152
7345.4 159.51 956.95 -85.972 0.95788 -0.23112 -0.17047 -0.05318 0.44057 -0.89614 0.28222 0.86746 0.40972
7355.4 153.59 957.18 -85.212 0.9505 -0.21869 -0.22074 -0.10536 0.44149 -0.89106 0.29232 0.87021 0.39659
7365.4 153.68 957.1 -84.305 0.94624 -0.22069 -0.2365 -0.12053 0.43796 -0.89088 0.30018 0.87149 0.38781
7375.4 157.53 956.42 -82.563 0.94453 -0.23313 -0.23134 -0.11232 0.43262 -0.89455 0.30863 0.87091 0.38244
7385.4 160.03 956.18 -81.45 0.94246 -0.24223 -0.23042 -0.10989 0.42647 -0.8978 0.31574 0.87146 0.37531
7395.4 162.91 955.81 -79.925 0.9413 -0.25183 -0.22478 -0.10229 0.4218 -0.9009 0.32169 0.87101 0.37129
7405.4 164.36 955.68 -78.699 0.93928 -0.25853 -0.22566 -0.10168 0.41839 -0.90256 0.32775 0.8707 0.3667
7415.4 167.76 955.3 -77.039 0.9389 -0.2697 -0.21382 -0.087156 0.41468 -0.90578 0.33296 0.86908 0.36584
7425.4 169.99 955.13 -75.512 0.93809 -0.27786 -0.20683 -0.077948 0.41245 -0.90764 0.3375 0.86757 0.36526
7435.4 170.2 955.15 -74.376 0.93644 -0.28101 -0.21004 -0.079698 0.41265 -0.9074 0.34166 0.86646 0.36402
7445.4 171.61 955.05 -72.933 0.9358 -0.28662 -0.20524 -0.072566 0.41311 -0.90779 0.34498 0.8644 0.36579
7455.4 171.82 955.04 -71.745 0.93476 -0.28901 -0.20666 -0.072192 0.41502 -0.90694 0.34788 0.86269 0.36708
7465.4 172.6 955.25 -70.679 0.934 -0.29255 -0.2051 -0.068931 0.41573 -0.90687 0.35057 0.86115 0.36812
7475.4 175.67 955.04 -68.887 0.93507 -0.30004 -0.18872 -0.049484 0.41671 -0.90769 0.35098 0.8581 0.37481
7485.4 176.59 955.22 -67.773 0.93522 -0.30236 -0.18423 -0.043448 0.4184 -0.90722 0.35139 0.85646 0.37816
7495.4 175.77 955.28 -66.629 0.93487 -0.30059 -0.18885 -0.04649 0.42374 -0.90459 0.35193 0.85445 0.38216
7505.4 178.56 955.28 -65.039 0.93601 -0.30682 -0.17247 -0.027368 0.42507 -0.90475 0.35091 0.85157 0.38947
7515.4 177.45 955.47 -64.143 0.9362 -0.30376 -0.17683 -0.030774 0.43031 -0.90216 0.35013 0.85004 0.39351
7525.4 178.19 955.83 -63.162 0.9371 -0.30494 -0.16988 -0.022656 0.4325 -0.90135 0.34833 0.8485 0.39838
7535.4 177.85 955.96 -62.031 0.93786 -0.30345 -0.16831 -0.019821 0.43741 -0.89904 0.34643 0.84652 0.40422
7545.4 179.35 956.34 -61.025 0.93902 -0.30637 -0.15617 -0.006475 0.43832 -0.89879 0.34381 0.84499 0.40961
7555.4 177.6 956.57 -60.283 0.93951 -0.30189 -0.16184 -0.011744 0.44381 -0.89605 0.34233 0.84374 0.41341
7565.4 178.04 956.81 -59.169 0.94061 -0.30218 -0.15474 -0.003604 0.44689 -0.89458 0.33948 0.84201 0.41926
7575.4 177.38 957.25 -58.493 0.94133 -0.30034 -0.15393 -0.002506 0.44988 -0.89309 0.33748 0.84107 0.42273
7585.4 178.01 957.47 -57.379 0.94248 -0.30123 -0.14488 0.007611 0.45267 -0.89165 0.33417 0.83926 0.42893
7595.4 175.46 957.73 -56.763 0.94326 -0.29465 -0.15313 -0.000972 0.4587 -0.88859 0.33206 0.83832 0.43239
7605.4 176.34 957.93 -55.717 0.94452 -0.29608 -0.14222 0.010813 0.46079 -0.88744 0.32829 0.83667 0.43843
7615.4 174.79 958.3 -55.16 0.94616 -0.29078 -0.14225 0.009548 0.46432 -0.88562 0.32357 0.83657 0.4421
7625.4 172.76 958.36 -54.311 0.94755 -0.28458 -0.14547 0.005618 0.46991 -0.8827 0.31955 0.83558 0.44686
7635.4 172.48 958.42 -53.355 0.94899 -0.28282 -0.13942 0.011508 0.47292 -0.88103 0.31511 0.83448 0.45205
7645.4 171.5 958.59 -52.524 0.95083 -0.27845 -0.13561 0.013856 0.47565 -0.87953 0.3094 0.8344 0.45612
7655.4 166.61 959.31 -52.813 0.95256 -0.26405 -0.15135 -0.006414 0.47976 -0.87737 0.30429 0.83672 0.45531
7665.4 168.67 958.74 -50.817 0.95359 -0.26936 -0.13459 0.012403 0.48174 -0.87623 0.30086 0.83389 0.46272
7675.4 167.67 958.79 -49.697 0.9548 -0.26623 -0.13223 0.014075 0.48482 -0.8745 0.29692 0.83311 0.46665
7685.4 163.47 958.81 -48.863 0.95511 -0.25664 -0.148 -0.002912 0.4914 -0.87093 0.29624 0.83226 0.46859
7695.4 163.79 958.85 -47.578 0.95614 -0.25775 -0.13914 0.006236 0.49284 -0.87009 0.29284 0.83107 0.47284
7705.4 161.35 959.63 -47.624 0.9577 -0.25044 -0.14177 2.8e-05 0.49272 -0.87019 0.28778 0.83337 0.47189
7715.4 160.32 959.66 -46.485 0.95803 -0.24944 -0.14126 0.000897 0.49537 -0.86868 0.28666 0.8321 0.4748
7725.4 160.65 958.91 -44.271 0.95714 -0.25461 -0.13807 0.008333 0.50069 -0.86558 0.28952 0.82733 0.48135
7735.4 158.21 959.55 -44.267 0.9584 -0.24813 -0.14111 0.002066 0.50038 -0.8658 0.28544 0.82949 0.48007
7745.4 162.45 958.93 -41.881 0.95805 -0.26222 -0.11565 0.032446 0.50018 -0.86532 0.28475 0.82527 0.4877
7755.4 158.26 958.85 -41.237 0.95814 -0.25377 -0.13255 0.014323 0.50488 -0.86307 0.28595 0.82504 0.48738
7765.4 157.67 958.77 -40.455 0.95881 -0.25306 -0.12899 0.017155 0.5049 -0.86301 0.28352 0.82525 0.48845
7775.4 156.41 958.74 -39.752 0.95927 -0.25084 -0.12991 0.015351 0.50548 -0.8627 0.28207 0.82557 0.48875
7785.4 153.13 958.62 -39.174 0.95967 -0.24322 -0.141 0.002363 0.50851 -0.86105 0.28113 0.82599 0.48857
7795.4 153.73 958.53 -38.365 0.96059 -0.24501 -0.13132 0.011483 0.50697 -0.86189 0.27774 0.82641 0.4898
7805.4 150.49 958.43 -37.771 0.9608 -0.23776 -0.14262 -0.001356 0.51036 -0.85996 0.27725 0.82644 0.49003
7815.4 148.96 958.3 -37.205 0.96142 -0.23422 -0.14423 -0.004293 0.51151 -0.85927 0.27503 0.82674 0.49077
7825.4 146.64 959.03 -37.773 0.96423 -0.22454 -0.14084 -0.00749 0.50805 -0.86129 0.26495 0.83154 0.4882
7835.4 145.37 959.05 -37.334 0.96488 -0.2218 -0.14079 -0.008927 0.50791 -0.86136 0.26256 0.83236 0.48809
7845.4 145.43 957.98 -35.385 0.96304 -0.22723 -0.14465 -0.007555 0.51401 -0.85775 0.26926 0.82714 0.49329
7855.4 144.47 957.95 -34.912 0.96333 -0.22597 -0.14469 -0.00818 0.51425 -0.8576 0.26819 0.82734 0.49355
7865.4 142.65 957.93 -34.48 0.96356 -0.2221 -0.14906 -0.013605 0.51585 -0.85657 0.26713 0.82739 0.49403
7875.4 141.13 957.83 -33.835 0.96374 -0.21916 -0.15223 -0.017171 0.51835 -0.85499 0.26629 0.82661 0.49579
7885.4 141.29 957.9 -33.612 0.96461 -0.21964 -0.1459 -0.011738 0.517 -0.85591 0.26342 0.82733 0.49612
7895.4 140.37 957.78 -32.933 0.96514 -0.21788 -0.14503 -0.011188 0.51925 -0.85455 0.2615 0.82638 0.49871
7905.4 138.33 957.68 -32.328 0.96549 -0.21299 -0.14987 -0.01698 0.52276 -0.85231 0.25988 0.82544 0.5011
7915.4 137.1 957.62 -31.841 0.9664 -0.20951 -0.14892 -0.01746 0.52452 -0.85122 0.25645 0.82522 0.50324
7925.4 135.58 957.43 -31.101 0.96709 -0.20562 -0.14986 -0.019411 0.52765 -0.84924 0.2537 0.8242 0.50629
7935.4 134.03 957.56 -30.708 0.96802 -0.20107 -0.15004 -0.021755 0.52853 -0.84863 0.24994 0.82476 0.50726
7945.4 133.63 957.43 -30.321 0.96903 -0.2005 -0.14413 -0.016756 0.52894 -0.8485 0.24636 0.82464 0.5092
7955.4 131.37 957.39 -29.653 0.96957 -0.19458 -0.14856 -0.022964 0.53187 -0.84651 0.24373 0.82417 0.51122
7965.4 130.31 957.17 -29.277 0.97026 -0.19265 -0.14655 -0.021943 0.53293 -0.84588 0.24106 0.82394 0.51285
7975.4 129.06 956.99 -28.841 0.97075 -0.19029 -0.14638 -0.022725 0.53413 -0.8451 0.239 0.82371 0.51419
7985.4 127.08 956.81 -28.287 0.97115 -0.18556 -0.14978 -0.027584 0.53646 -0.84347 0.23687 0.82327 0.51587
7995.4 124.77 956.52 -27.702 0.97118 -0.18016 -0.15605 -0.035111 0.53945 -0.84129 0.23575 0.82252 0.51757
8005.4 123.27 956.25 -27.247 0.97147 -0.17672 -0.15814 -0.038435 0.5407 -0.84034 0.23401 0.82244 0.51848
8015.4 121.63 955.96 -26.715 0.9716 -0.17287 -0.16161 -0.043067 0.54234 -0.83906 0.23269 0.82219 0.51949
8025.4 120.55 955.64 -26.2 0.97193 -0.17052 -0.16209 -0.04456 0.54306 -0.83851 0.23101 0.8222 0.52022
8035.4 120.15 955.29 -25.722 0.97232 -0.17052 -0.15973 -0.042687 0.54248 -0.83898 0.22971 0.82258 0.52019
8045.4 118.93 955.04 -25.382 0.97243 -0.16854 -0.16118 -0.04521 0.5418 -0.83929 0.22878 0.82343 0.51924
8055.4 117.11 954.77 -24.976 0.97195 -0.16597 -0.16663 -0.051261 0.54196 -0.83884 0.22953 0.82385 0.51825
8065.4 118.19 954.47 -24.398 0.97307 -0.17014 -0.15555 -0.040174 0.53928 -0.84117 0.227 0.82476 0.51792
8075.4 116.36 954.21 -24.148 0.97234 -0.16867 -0.1616 -0.046474 0.53829 -0.84147 0.22892 0.82571 0.51557
8085.4 113.58 954.18 -23.839 0.97094 -0.16492 -0.17343 -0.058752 0.53824 -0.84074 0.232 0.8265 0.51291
8095.4 114.05 953.87 -23.416 0.97125 -0.16899 -0.16766 -0.05234 0.53549 -0.84292 0.23222 0.82746 0.51125
8105.4 111.73 953.85 -23.181 0.96973 -0.16697 -0.17816 -0.06279 0.53458 -0.84278 0.23597 0.82846 0.50792
8115.4 112.47 953.52 -22.593 0.96986 -0.17222 -0.17237 -0.055644 0.53217 -0.84481 0.23723 0.82893 0.50655
8125.4 110.37 953.44 -22.236 0.96829 -0.17061 -0.18251 -0.065458 0.53176 -0.84436 0.2411 0.82953 0.50373
8135.4 111.37 953.14 -21.704 0.96851 -0.17633 -0.17579 -0.057394 0.52889 -0.84675 0.24228 0.83017 0.50211
8145.4 109.39 953.17 -21.28 0.96693 -0.17484 -0.18567 -0.067036 0.52817 -0.84649 0.24607 0.83094 0.49899
8155.4 108.93 952.98 -20.698 0.96628 -0.17679 -0.18722 -0.067775 0.52683 -0.84726 0.24842 0.83138 0.49709
8165.4 108.53 952.81 -20.064 0.96589 -0.17821 -0.18788 -0.067974 0.52559 -0.84802 0.24988 0.83186 0.49555
8175.4 107.98 952.8 -19.618 0.9656 -0.17882 -0.18877 -0.069084 0.52347 -0.84924 0.25067 0.83307 0.49311
8185.4 106.97 952.67 -18.826 0.96521 -0.17775 -0.19175 -0.072318 0.52327 -0.8491 0.25127 0.83342 0.49221
8195.4 106.84 952.67 -18.283 0.96539 -0.17876 -0.1899 -0.070915 0.52079 -0.85073 0.25098 0.83476 0.49009
8205.4 106.62 952.53 -17.395 0.96568 -0.17899 -0.18821 -0.069569 0.51991 -0.85138 0.25024 0.83526 0.48961
8215.4 105.87 952.54 -16.62 0.96532 -0.17869 -0.19033 -0.071831 0.51912 -0.85168 0.25099 0.83581 0.48828
8225.4 104.82 952.57 -15.802 0.96511 -0.17703 -0.1929 -0.075125 0.51855 -0.85174 0.25082 0.83652 0.48717
8235.4 104.36 952.63 -14.987 0.96475 -0.17787 -0.19396 -0.076018 0.51725 -0.85245 0.25195 0.83715 0.4855
8245.4 104.98 952.76 -14.222 0.96515 -0.18098 -0.18902 -0.070872 0.51453 -0.85454 0.25191 0.83815 0.48378
8255.4 104.73 952.68 -13.178 0.96438 -0.18321 -0.1908 -0.071368 0.51434 -0.85461 0.25471 0.83779 0.48295
8265.4 102.58 952.91 -12.398 0.96261 -0.18071 -0.2018 -0.082353 0.51447 -0.85354 0.25806 0.83825 0.48036
8275.4 102.63 952.97 -11.385 0.9619 -0.18367 -0.20251 -0.081714 0.51373 -0.85405 0.2609 0.83806 0.47915
8285.4 102.15 953.16 -10.375 0.96083 -0.18515 -0.2062 -0.084279 0.51359 -0.85389 0.264 0.83782 0.47787
8295.4 102.9 953.16 -9.1915 0.96051 -0.18949 -0.20374 -0.079903 0.51354 -0.85434 0.26652 0.83688 0.47812
8305.4 104.38 953.26 -8.0689 0.96075 -0.19537 -0.19693 -0.071294 0.51217 -0.85592 0.26809 0.83637 0.47814
8315.4 103.92 953.67 -7.0666 0.9592 -0.19684 -0.20297 -0.075469 0.51356 -0.85473 0.27248 0.83517 0.47775
8325.3 103.75 954.12 -6.2054 0.95935 -0.19693 -0.20213 -0.074759 0.51332 -0.85493 0.27212 0.8353 0.47774
8335.3 104.3 953.74 -4.1926 0.95933 -0.19963 -0.19958 -0.069546 0.51808 -0.8525 0.27358 0.83171 0.48312
8345.3 103.37 954.11 -3.0093 0.95877 -0.19789 -0.20398 -0.073453 0.52081 -0.8505 0.27454 0.83042 0.4848
8355.3 104.11 954.91 -2.5007 0.96019 -0.19855 -0.19652 -0.067195 0.51866 -0.85233 0.27116 0.83161 0.48467
8365.3 104.55 954.86 -0.77432 0.96038 -0.19989 -0.19421 -0.063094 0.52282 -0.8501 0.27147 0.82867 0.48949
8375.3 104.6 954.83 0.94029 0.96133 -0.19877 -0.19063 -0.059265 0.52665 -0.84801 0.26895 0.82652 0.49451
8385.3 105.71 954.92 2.6048 0.96275 -0.2 -0.18196 -0.050093 0.52938 -0.84691 0.26571 0.82447 0.49964
8395.3 104.93 955.26 3.9337 0.96313 -0.19638 -0.18388 -0.052616 0.5328 -0.84461 0.26384 0.82314 0.50282
8405.3 105.7 955.53 5.3693 0.96425 -0.19648 -0.17778 -0.046652 0.53456 -0.84384 0.26084 0.82197 0.50629
8415.3 105.38 955.83 6.7533 0.96456 -0.19418 -0.17866 -0.047765 0.53741 -0.84197 0.25951 0.82066 0.50909
8425.3 106.54 956.11 8.1702 0.96529 -0.19592 -0.1727 -0.041289 0.53846 -0.84164 0.25789 0.81956 0.51169
8435.3 105.54 956.46 9.5236 0.96468 -0.19286 -0.17943 -0.047819 0.54162 -0.83926 0.25904 0.8182 0.51327
8445.3 106.24 956.65 10.987 0.96476 -0.19409 -0.17769 -0.045186 0.54304 -0.83849 0.25924 0.81697 0.51513
8455.3 105.75 957 12.247 0.96379 -0.19324 -0.18377 -0.050325 0.54495 -0.83696 0.26188 0.8159 0.51549
8465.3 107.55 957.2 13.547 0.96401 -0.19781 -0.17764 -0.042747 0.54414 -0.83791 0.2624 0.81534 0.5161
8475.3 108.74 957.38 14.838 0.9636 -0.20125 -0.17599 -0.039448 0.54405 -0.83812 0.26442 0.81456 0.51631
8485.3 108.39 957.74 16.014 0.96236 -0.20087 -0.18305 -0.045402 0.54526 -0.83704 0.26794 0.81385 0.51562
8495.3 109.63 957.78 17.497 0.96178 -0.20456 -0.18202 -0.042242 0.54594 -0.83676 0.27053 0.81247 0.51643
8505.3 109.93 957.98 18.681 0.96069 -0.20578 -0.18634 -0.045167 0.54641 -0.8363 0.27391 0.81184 0.51564
8515.3 109.25 958.12 19.876 0.95904 -0.20435 -0.19617 -0.054026 0.54785 -0.83483 0.27807 0.81124 0.51437
8525.3 111.73 958 21.313 0.95904 -0.21078 -0.18926 -0.044979 0.54632 -0.83637 0.27969 0.81062 0.51446
8535.3 110.66 958.18 22.254 0.95678 -0.20855 -0.2027 -0.057787 0.54675 -0.8353 0.28503 0.8109 0.51107
8545.3 112.68 958.14 23.41 0.95628 -0.21387 -0.19948 -0.052972 0.54413 -0.83733 0.28763 0.81128 0.50901
8555.3 112.21 958.24 24.219 0.95409 -0.21315 -0.21042 -0.063286 0.54321 -0.83721 0.29275 0.81209 0.50479
8565.3 112.13 958.22 25.233 0.95181 -0.21365 -0.22004 -0.07162 0.54278 -0.83681 0.29822 0.81224 0.50132
8575.3 114.8 958.04 26.279 0.95139 -0.2207 -0.21483 -0.064559 0.53912 -0.83975 0.30115 0.8128 0.49867
8585.3 115.67 957.8 27.492 0.94941 -0.22369 -0.22044 -0.068093 0.5386 -0.8398 0.30658 0.81232 0.49612
8595.3 118.75 957.55 28.489 0.94869 -0.23239 -0.21442 -0.059408 0.53505 -0.84273 0.31056 0.81223 0.49379
8605.3 119.81 957.43 29.415 0.9468 -0.23563 -0.21922 -0.062339 0.534 -0.84319 0.31574 0.81199 0.4909
8615.3 120.11 957.48 29.991 0.94466 -0.23641 -0.22742 -0.070082 0.53183 -0.84395 0.32046 0.81319 0.48583
8625.3 121.73 957.51 30.679 0.94311 -0.24064 -0.22942 -0.070989 0.52836 -0.84605 0.32481 0.8142 0.48122
8635.3 122.51 957.62 31.307 0.94062 -0.2437 -0.23631 -0.076472 0.52612 -0.84696 0.33074 0.81474 0.47624
8645.3 125.45 957.41 32.408 0.94034 -0.25093 -0.22977 -0.068004 0.52309 -0.84956 0.33337 0.8145 0.47482
8655.3 126.81 957.45 33.053 0.93898 -0.25503 -0.2308 -0.067943 0.52028 -0.85129 0.33718 0.81503 0.4712
8665.3 128.02 957.46 33.733 0.93757 -0.25882 -0.23234 -0.068412 0.51772 -0.85281 0.34101 0.81546 0.46769
8675.3 129.24 957.24 34.745 0.9362 -0.26258 -0.23365 -0.068122 0.5166 -0.85352 0.34481 0.81497 0.46575
8685.3 132.14 957.04 35.803 0.93638 -0.26982 -0.22448 -0.057573 0.51282 -0.85657 0.34624 0.81499 0.46466
8695.3 130.47 957.14 36.193 0.9337 -0.26552 -0.24022 -0.073795 0.51378 -0.85474 0.35037 0.8158 0.46012
8705.3 132.48 956.89 37.342 0.93367 -0.26972 -0.23559 -0.068059 0.51222 -0.85615 0.3516 0.8154 0.45989
8715.3 132.9 956.91 38.002 0.93247 -0.26977 -0.24026 -0.072832 0.51104 -0.85647 0.35383 0.81613 0.45688
8725.3 135.01 956.75 39.011 0.93236 -0.27376 -0.23614 -0.067906 0.50893 -0.85812 0.3551 0.81611 0.45592
8735.3 136.17 956.62 39.941 0.93132 -0.27596 -0.23766 -0.068415 0.50837 -0.85842 0.35771 0.81572 0.45458
8745.3 138.85 956.47 40.961 0.93122 -0.28203 -0.23083 -0.059964 0.50617 -0.86035 0.35948 0.81502 0.45444
8755.3 139.89 956.44 41.67 0.92995 -0.28463 -0.23277 -0.060631 0.50568 -0.86059 0.36266 0.81442 0.453
8765.3 140.38 956.32 42.372 0.92827 -0.28611 -0.23761 -0.063921 0.50666 -0.85977 0.36638 0.81329 0.45203
8775.3 141.38 956.18 43.221 0.92708 -0.28868 -0.23912 -0.063552 0.50763 -0.85923 0.36943 0.81177 0.45227
8785.3 143.16 955.97 44.151 0.92641 -0.29328 -0.23612 -0.058405 0.50759 -0.85962 0.37196 0.81015 0.45311
8795.3 144.1 955.87 44.926 0.9255 -0.29552 -0.23687 -0.057665 0.50819 -0.85931 0.37432 0.80896 0.45329
8805.3 145.4 955.79 45.716 0.92474 -0.29875 -0.23582 -0.054979 0.50824 -0.85946 0.37661 0.80774 0.45356
8815.3 145.56 955.76 46.368 0.92333 -0.2993 -0.24058 -0.058626 0.50927 -0.8586 0.3795 0.80688 0.45268
8825.3 145.91 955.68 47.12 0.92246 -0.29971 -0.24341 -0.060595 0.51023 -0.8579 0.38132 0.80612 0.45251
8835.3 147.14 955.54 48.055 0.92221 -0.30196 -0.24155 -0.057636 0.51034 -0.85804 0.38237 0.80521 0.45324
8845.3 148.18 955.44 48.939 0.9219 -0.30391 -0.24028 -0.055525 0.51016 -0.85829 0.38342 0.8046 0.45344
8855.3 148.55 955.36 49.772 0.92124 -0.30407 -0.24261 -0.057432 0.51054 -0.85794 0.38474 0.8043 0.45286
8865.3 149.2 955.31 50.563 0.92108 -0.30464 -0.2425 -0.057349 0.50986 -0.85834 0.38512 0.80451 0.45215
8875.3 150.23 955.23 51.42 0.92127 -0.30612 -0.23988 -0.054729 0.5086 -0.85926 0.38504 0.80474 0.45181
8885.3 149.24 955.24 51.983 0.92039 -0.30257 -0.24765 -0.063504 0.50929 -0.85825 0.38581 0.80565 0.44953
8895.3 150.37 955.19 52.922 0.92067 -0.3049 -0.24373 -0.059446 0.5076 -0.85954 0.38579 0.80584 0.44921
8905.3 151.55 955.12 54.1 0.92113 -0.30757 -0.2386 -0.053734 0.5066 -0.8605 0.38554 0.80545 0.45012
8915.3 152.16 955.12 55.126 0.92103 -0.30947 -0.2365 -0.05112 0.5059 -0.86108 0.38612 0.80517 0.45013
8925.3 155.43 955.02 56.746 0.92196 -0.31881 -0.21989 -0.032068 0.50297 -0.86371 0.38596 0.80335 0.4535
8935.3 155.22 955.05 57.837 0.92097 -0.32025 -0.22192 -0.032579 0.50428 -0.86293 0.38826 0.80196 0.454
8945.3 154.33 955.09 58.833 0.91961 -0.32047 -0.22721 -0.036442 0.50628 -0.8616 0.39115 0.80061 0.45391
8955.3 154.29 955.18 59.892 0.91884 -0.32273 -0.22712 -0.034846 0.50691 -0.86129 0.3931 0.7993 0.45452
8965.3 155.12 955.16 61.229 0.91862 -0.32698 -0.22188 -0.027722 0.50679 -0.86162 0.39418 0.79765 0.45648
8975.3 153.71 955.24 62.101 0.91759 -0.32554 -0.22813 -0.033431 0.50865 -0.86033 0.39611 0.79705 0.45585
8985.3 152.52 955.33 63.003 0.9168 -0.32436 -0.23297 -0.037941 0.50998 -0.85935 0.39755 0.79669 0.45525
8995.3 152.8 955.37 64.14 0.9172 -0.32608 -0.22894 -0.033708 0.50905 -0.86008 0.397 0.79658 0.45591
9005.3 152.92 955.42 65.247 0.91792 -0.32682 -0.22499 -0.030161 0.50792 -0.86087 0.39563 0.797 0.45637
9015.3 152.82 955.62 66.209 0.91848 -0.3272 -0.22212 -0.028072 0.5063 -0.8619 0.39448 0.79787 0.45584
9025.3 148.83 955.89 66.536 0.91718 -0.31827 -0.23975 -0.048145 0.50876 -0.85956 0.39555 0.79992 0.4513
9035.3 150.33 956.05 67.574 0.91903 -0.32213 -0.2272 -0.036353 0.50466 -0.86255 0.39251 0.80097 0.45209
9045.3 150.04 956.14 68.627 0.91953 -0.32227 -0.22496 -0.034414 0.50416 -0.86293 0.39151 0.80123 0.4525
9055.3 147.05 956.42 69.201 0.9188 -0.31613 -0.23639 -0.047119 0.50674 -0.86081 0.39191 0.80205 0.45069
9065.3 149.41 956.38 70.764 0.9207 -0.32283 -0.21931 -0.028479 0.50486 -0.86273 0.38924 0.80056 0.45563
9075.3 151.16 956.33 72.294 0.92218 -0.32828 -0.20449 -0.012157 0.50386 -0.8637 0.38657 0.79897 0.46066
9085.3 150.8 956.41 73.41 0.92257 -0.32894 -0.20166 -0.008531 0.50514 -0.863 0.38574 0.79789 0.46321
9095.3 149.37 956.5 74.292 0.92231 -0.32768 -0.20488 -0.011096 0.50748 -0.8616 0.3863 0.79693 0.46441
9105.3 148.24 956.55 75.249 0.92248 -0.32679 -0.20554 -0.011155 0.50962 -0.86033 0.38589 0.79592 0.46647
9115.3 147.12 956.68 76.131 0.92265 -0.32592 -0.20614 -0.011402 0.51125 -0.85936 0.38547 0.79524 0.46798
9125.3 147.05 956.78 77.103 0.92336 -0.32736 -0.20058 -0.005486 0.51116 -0.85947 0.38388 0.7947 0.47019
9135.3 145.9 956.89 77.912 0.9238 -0.32602 -0.20077 -0.00592 0.51214 -0.85888 0.38283 0.79462 0.47119
9145.3 144.24 957.06 78.425 0.92395 -0.3234 -0.20428 -0.010268 0.51289 -0.8584 0.38238 0.79521 0.47056
9155.3 143.02 957.24 79.066 0.92444 -0.32146 -0.20514 -0.012029 0.5131 -0.85825 0.38115 0.79586 0.47046
9165.3 143.04 957.31 80.046 0.9254 -0.32233 -0.19933 -0.006438 0.51251 -0.85866 0.37893 0.79589 0.4722
9175.3 141.02 957.42 80.629 0.92573 -0.31816 -0.20446 -0.01269 0.51418 -0.85759 0.37798 0.79649 0.47196
9185.3 140.17 957.51 81.378 0.92642 -0.31668 -0.20362 -0.012499 0.51467 -0.8573 0.37629 0.79676 0.47284
9195.3 137.88 957.7 81.779 0.92689 -0.31131 -0.20969 -0.020136 0.51661 -0.85599 0.3748 0.79762 0.47257
9205.3 137.91 957.68 82.66 0.92829 -0.31129 -0.2034 -0.014178 0.51697 -0.85589 0.37159 0.7974 0.47548
9215.3 135.96 957.61 83.295 0.9289 -0.30655 -0.20776 -0.019463 0.51983 -0.85405 0.36981 0.79737 0.47691
9225.3 134.67 957.6 83.868 0.92956 -0.30387 -0.20875 -0.021239 0.52116 -0.8532 0.36806 0.79753 0.47799
9235.3 135.6 957.54 84.808 0.93125 -0.30639 -0.19723 -0.009837 0.51993 -0.85415 0.36425 0.79737 0.48117
9245.3 132.95 957.57 85.167 0.93136 -0.30077 -0.20521 -0.019234 0.52217 -0.85262 0.3636 0.79804 0.48055
9255.3 132.55 957.58 85.814 0.93217 -0.30078 -0.20146 -0.016 0.52172 -0.85297 0.36166 0.79834 0.48152
9265.3 131.25 957.57 86.475 0.9327 -0.29851 -0.20238 -0.017549 0.52294 -0.85219 0.36022 0.79839 0.48251
9275.3 130.78 957.62 87.06 0.93346 -0.2982 -0.1993 -0.015103 0.5225 -0.85251 0.35835 0.7988 0.48323
9285.3 128.69 957.58 87.656 0.93336 -0.29418 -0.20568 -0.022024 0.52498 -0.85083 0.35827 0.79866 0.48352
9295.3 128.09 957.56 88.297 0.93408 -0.2932 -0.2038 -0.020751 0.52521 -0.85072 0.35647 0.79887 0.4845
9305.3 123.38 957.69 88.493 0.93259 -0.28239 -0.22478 -0.043467 0.53037 -0.84665 0.35831 0.79935 0.48234
9315.3 123.24 957.69 89.094 0.93364 -0.28202 -0.22087 -0.040325 0.52991 -0.84709 0.35594 0.79979 0.48338
9325.2 120.41 957.69 89.394 0.9333 -0.27483 -0.23113 -0.052211 0.53293 -0.84455 0.35528 0.80028 0.48303
9335.2 120.5 957.59 90.135 0.93456 -0.27502 -0.22573 -0.047122 0.53319 -0.84468 0.35266 0.80005 0.48534
9345.2 120.4 957.45 90.692 0.93579 -0.27492 -0.22071 -0.042571 0.53333 -0.84483 0.34997 0.79998 0.48738
9355.2 118.7 957.44 90.914 0.93646 -0.27075 -0.223 -0.046449 0.53443 -0.84394 0.34768 0.80067 0.4879
9365.2 118 957.31 91.327 0.93764 -0.26956 -0.21948 -0.043814 0.53472 -0.84389 0.34484 0.80088 0.48956
9375.2 117.17 957.2 91.629 0.93897 -0.26801 -0.21564 -0.041323 0.53446 -0.84418 0.3415 0.80157 0.49077
9385.2 115.29 957.1 91.865 0.93949 -0.26441 -0.2178 -0.044823 0.53544 -0.84338 0.33962 0.80212 0.49119
9395.2 114.2 957.06 92.172 0.94047 -0.26235 -0.2161 -0.044457 0.53539 -0.84344 0.33697 0.80283 0.49185
9405.2 113.06 957 92.385 0.94123 -0.26016 -0.21541 -0.045152 0.53511 -0.84358 0.33473 0.80373 0.49191
9415.2 110.36 956.93 92.579 0.9408 -0.25409 -0.22436 -0.055694 0.53703 -0.84172 0.33436 0.80439 0.49108
9425.2 110.44 956.8 92.969 0.94181 -0.25476 -0.2193 -0.051316 0.53579 -0.84279 0.33221 0.805 0.49154
9435.2 114.09 956.48 94 0.94445 -0.26429 -0.19535 -0.026245 0.53186 -0.84643 0.3276 0.80454 0.49538
9445.2 112.34 956.34 94.326 0.94421 -0.2607 -0.20126 -0.033021 0.53307 -0.84543 0.32769 0.8049 0.49472
9455.2 112.16 956.18 94.742 0.94461 -0.26111 -0.19882 -0.030954 0.53222 -0.84604 0.32673 0.80533 0.49466
9465.2 111.47 956.04 95.153 0.94463 -0.26103 -0.19885 -0.031224 0.53173 -0.84634 0.32666 0.80568 0.49414
9475.2 111.02 955.93 95.573 0.9446 -0.26206 -0.19762 -0.02998 0.53067 -0.84705 0.32685 0.80605 0.49342
9485.2 111.79 955.81 96.113 0.94522 -0.26623 -0.18889 -0.020974 0.52791 -0.84904 0.32576 0.80649 0.49341
9495.2 109.13 955.83 96.148 0.94426 -0.26243 -0.19876 -0.031793 0.52823 -0.8485 0.32766 0.80753 0.49044
9505.2 108.3 955.75 96.438 0.94419 -0.26288 -0.19851 -0.031907 0.5268 -0.84939 0.32786 0.80832 0.48901
9515.2 108.38 955.71 96.563 0.94463 -0.26503 -0.19349 -0.02764 0.52329 -0.8517 0.32698 0.80989 0.48699
9525.2 106.24 955.65 96.619 0.94392 -0.26172 -0.2013 -0.036627 0.5229 -0.8516 0.32814 0.81122 0.48399
9535.2 105.96 955.53 96.776 0.9443 -0.26218 -0.19892 -0.035316 0.52022 -0.8533 0.3272 0.8128 0.48198
9545.2 102.65 955.49 96.703 0.94306 -0.25524 -0.2133 -0.051639 0.52112 -0.85192 0.3286 0.81442 0.47827
9555.2 103.37 955.23 97.136 0.94391 -0.2581 -0.20595 -0.044595 0.51835 -0.854 0.32718 0.81529 0.47777
9565.2 103.66 954.95 97.439 0.94424 -0.2606 -0.20126 -0.04005 0.51581 -0.85577 0.32683 0.81611 0.47661
9575.2 100.43 954.99 97.269 0.94274 -0.25488 -0.21512 -0.055428 0.51629 -0.85462 0.32889 0.81761 0.4726
9585.2 99.842 954.82 97.59 0.94264 -0.25597 -0.21427 -0.05464 0.51492 -0.8555 0.32931 0.81813 0.4714
9595.2 99.276 954.74 97.749 0.94251 -0.25723 -0.21332 -0.054072 0.51255 -0.85695 0.32977 0.81922 0.46917
9605.2 98.792 954.62 98.146 0.94243 -0.25862 -0.21199 -0.052679 0.51121 -0.85784 0.33023 0.81962 0.46816
9615.2 97.724 954.65 98.248 0.94204 -0.25839 -0.214 -0.055453 0.50917 -0.85888 0.33089 0.82096 0.46533
9625.2 98.477 954.48 98.806 0.94247 -0.26258 -0.20686 -0.047788 0.50664 -0.86083 0.33084 0.8212 0.46495
9635.2 95.102 954.61 98.785 0.94051 -0.25664 -0.22266 -0.064757 0.50792 -0.85897 0.33354 0.82229 0.46108
9645.2 95.483 954.43 99.311 0.94084 -0.25948 -0.21791 -0.059755 0.50596 -0.86049 0.33353 0.8226 0.46052
9655.2 93.611 954.42 99.505 0.93997 -0.25641 -0.22519 -0.0681 0.50567 -0.86003 0.3344 0.82374 0.45786
9665.2 95.294 954.16 100.16 0.94141 -0.26161 -0.21287 -0.055608 0.5021 -0.86302 0.33266 0.82429 0.45814
9675.2 92.282 954.38 100.02 0.94006 -0.25576 -0.22555 -0.070421 0.50156 -0.86225 0.33366 0.82645 0.45349
9685.2 94.631 954.09 100.82 0.942 -0.26275 -0.20881 -0.053275 0.49721 -0.86599 0.33136 0.82689 0.45438
9695.2 93.439 954.18 101.19 0.94198 -0.26118 -0.21084 -0.056458 0.4959 -0.86654 0.33088 0.82817 0.45238
9705.2 94.234 954.18 101.77 0.94287 -0.2646 -0.20247 -0.048152 0.49309 -0.86864 0.32968 0.82876 0.45218
9715.2 92.285 954.27 102.2 0.94236 -0.26139 -0.2089 -0.055305 0.49404 -0.86768 0.33001 0.82922 0.4511
9725.2 93.565 954.1 103.19 0.94341 -0.26604 -0.19801 -0.043277 0.49321 -0.86883 0.3288 0.82823 0.45379
9735.2 92.913 954.09 103.82 0.9434 -0.26614 -0.19791 -0.042869 0.49388 -0.86847 0.32888 0.8278 0.45451
9745.2 93.148 954.05 104.67 0.94402 -0.26805 -0.19227 -0.036721 0.49383 -0.86878 0.32782 0.82721 0.45634
9755.2 91.793 954.05 105.38 0.94375 -0.26645 -0.19582 -0.040112 0.49557 -0.86764 0.32822 0.82669 0.45701
9765.2 90.471 953.98 106.26 0.94346 -0.26508 -0.19905 -0.042917 0.49773 -0.86627 0.3287 0.82583 0.45821
9775.2 88.379 954.15 106.6 0.94259 -0.26238 -0.20657 -0.051556 0.49683 -0.86632 0.32994 0.82724 0.45478
9785.2 88.039 954.28 106.89 0.94247 -0.26428 -0.2047 -0.050666 0.49235 -0.86892 0.33042 0.8293 0.45064
9795.2 87.016 954.63 106.93 0.94228 -0.26453 -0.20526 -0.053136 0.48712 -0.87171 0.33058 0.83231 0.44495
9805.2 84.89 954.79 107.11 0.94096 -0.26259 -0.21363 -0.063009 0.48419 -0.87269 0.3326 0.83463 0.43906
9815.2 84.99 954.74 107.67 0.94033 -0.26668 -0.21132 -0.060677 0.47967 -0.87535 0.3348 0.83594 0.43487
9825.2 83.343 954.82 108.03 0.93842 -0.26654 -0.21982 -0.069744 0.47699 -0.87614 0.33838 0.83752 0.42903
9835.2 83.986 954.79 108.69 0.93765 -0.27186 -0.21656 -0.066042 0.47235 -0.87893 0.34124 0.83844 0.42495
9845.2 83.067 954.74 109.37 0.93581 -0.27332 -0.22262 -0.071675 0.47081 -0.87932 0.34515 0.83883 0.421
9855.2 78.84 954.84 109.71 0.93139 -0.26717 -0.24725 -0.096351 0.47405 -0.87521 0.35104 0.83899 0.41578
9865.2 77.116 954.66 110.75 0.92917 -0.26549 -0.25721 -0.10491 0.47782 -0.87217 0.35446 0.83738 0.41612
9875.2 78.66 954.08 112.31 0.9298 -0.27141 -0.24861 -0.093329 0.47953 -0.87255 0.35604 0.8345 0.42053
9885.2 75.588 953.65 113.41 0.92811 -0.26349 -0.26305 -0.10708 0.48777 -0.86638 0.35659 0.83226 0.42449
9895.2 75.455 952.92 115.11 0.92952 -0.26189 -0.25963 -0.10208 0.4938 -0.86356 0.35436 0.8292 0.43227
9905.2 74.709 952.3 116.47 0.93145 -0.25739 -0.2572 -0.099944 0.49868 -0.861 0.34987 0.82769 0.43878
9915.2 72.518 951.82 117.69 0.93248 -0.24873 -0.26193 -0.10619 0.50433 -0.85696 0.34525 0.82691 0.44387
9925.2 71.504 951.33 118.81 0.935 -0.24255 -0.25876 -0.10535 0.50672 -0.85565 0.33865 0.82729 0.44823
9935.2 69.581 950.86 119.84 0.93634 -0.23472 -0.26111 -0.11023 0.50956 -0.85335 0.33335 0.8278 0.45124
9945.2 70.122 950.04 121.02 0.93956 -0.23317 -0.2507 -0.10146 0.50972 -0.85434 0.327 0.82814 0.45526
9955.2 68.048 949.54 121.81 0.93973 -0.22621 -0.2564 -0.10922 0.51199 -0.85202 0.32401 0.82867 0.45643
9965.2 67.525 948.73 122.79 0.94041 -0.22405 -0.25581 -0.10914 0.51361 -0.85106 0.32206 0.82826 0.45855
9975.2 65.459 948.01 123.53 0.93855 -0.21924 -0.26657 -0.12007 0.5167 -0.84771 0.32359 0.82762 0.45862
9985.2 64.725 947.15 124.36 0.93709 -0.21837 -0.27235 -0.12482 0.519 -0.84561 0.326 0.82641 0.4591
9995.2 64.887 946.25 125.01 0.93538 -0.22082 -0.27621 -0.12671 0.51994 -0.84476 0.33016 0.82517 0.45836
