5264.3 -7.4901 952.97 -74.52 0.46888 -0.40402 -0.78544 -0.87016 -0.058709 -0.48926 0.15156 0.91286 -0.37909
5274.3 -7.3961 952.72 -74.406 0.4694 -0.4044 -0.78494 -0.86966 -0.057879 -0.49024 0.15282 0.91275 -0.37886
5284.3 -8.4597 954.18 -74.629 0.46248 -0.40208 -0.79022 -0.87458 -0.06044 -0.4811 0.14568 0.91361 -0.3796
5294.3 -8.7598 954.34 -74.577 0.46152 -0.40132 -0.79117 -0.87527 -0.060629 -0.47982 0.1446 0.91393 -0.37925
5304.3 -7.4747 952.69 -74.389 0.46938 -0.40518 -0.78454 -0.86964 -0.058175 -0.49025 0.153 0.91238 -0.37967
5314.3 -8.6083 954.06 -74.577 0.46229 -0.4029 -0.78991 -0.87459 -0.060304 -0.48109 0.1462 0.91325 -0.38026
5324.3 -7.4414 952.79 -74.41 0.46999 -0.40651 -0.78349 -0.86932 -0.059351 -0.49068 0.15297 0.91172 -0.38128
5334.3 -7.5529 952.58 -74.363 0.46992 -0.4067 -0.78344 -0.86924 -0.058718 -0.4909 0.15365 0.91167 -0.38111
5344.3 -7.5409 952.49 -74.321 0.47039 -0.40732 -0.78283 -0.86886 -0.058643 -0.49158 0.15432 0.9114 -0.38149
5354.3 -8.7641 954.07 -74.555 0.46296 -0.40463 -0.78863 -0.87422 -0.061608 -0.4816 0.14628 0.9124 -0.38226
5364.3 -7.5994 952.58 -74.352 0.47037 -0.40828 -0.78234 -0.86892 -0.059563 -0.49135 0.15401 0.91091 -0.38278
5374.3 -7.612 952.59 -74.342 0.47066 -0.40867 -0.78196 -0.86874 -0.059804 -0.49164 0.15415 0.91072 -0.38318
5384.3 -7.6688 952.49 -74.335 0.47074 -0.40907 -0.78171 -0.8686 -0.059465 -0.49194 0.15475 0.91056 -0.38331
5394.3 -9.5491 954.85 -74.644 0.45963 -0.40434 -0.79073 -0.8766 -0.063665 -0.47698 0.14252 0.91239 -0.38371
5404.2 -8.9174 954.02 -74.536 0.4633 -0.40679 -0.78733 -0.87388 -0.062035 -0.48218 0.1473 0.91141 -0.38422
5414.2 -8.9558 954.03 -74.565 0.46326 -0.40716 -0.78715 -0.87389 -0.062178 -0.48214 0.14737 0.91124 -0.38462
5424.2 -9.2118 954.36 -74.598 0.46197 -0.40684 -0.78808 -0.8748 -0.062751 -0.48041 0.146 0.91134 -0.38489
5434.2 -7.7906 952.5 -74.292 0.47018 -0.41115 -0.78095 -0.86861 -0.058785 -0.492 0.15638 0.90967 -0.38477
5444.2 -7.8145 952.63 -74.325 0.47002 -0.41128 -0.78098 -0.86877 -0.059226 -0.49166 0.15596 0.90958 -0.38515
5454.2 -9.2328 954.32 -74.55 0.46214 -0.40739 -0.78769 -0.87453 -0.062111 -0.48097 0.14702 0.91114 -0.38498
5464.2 -7.8182 952.61 -74.293 0.46948 -0.41161 -0.78113 -0.86892 -0.058371 -0.49149 0.15671 0.90949 -0.38506
5474.2 -7.8111 952.65 -74.294 0.46926 -0.41167 -0.78123 -0.86903 -0.058199 -0.49133 0.1568 0.90947 -0.38506
5484.2 -8.8511 953.87 -74.517 0.46311 -0.40873 -0.78643 -0.87348 -0.060099 -0.48314 0.15021 0.91068 -0.38484
5494.2 -10.047 955.15 -74.583 0.45694 -0.40466 -0.79212 -0.87786 -0.061559 -0.47495 0.14343 0.91239 -0.38336
5504.2 -9.0975 954.16 -74.493 0.46126 -0.40722 -0.7883 -0.87463 -0.059295 -0.48115 0.14919 0.91141 -0.38351
5514.2 -7.7562 952.7 -74.272 0.46797 -0.41051 -0.78262 -0.86963 -0.056286 -0.49048 0.15729 0.91012 -0.38333
5524.2 -7.676 952.63 -74.273 0.46775 -0.41009 -0.78297 -0.86967 -0.055464 -0.4905 0.15772 0.91036 -0.38259
5534.2 -7.6842 952.67 -74.277 0.46684 -0.4095 -0.78382 -0.87031 -0.055478 -0.48936 0.15691 0.91062 -0.38229
5544.2 -9.3831 954.73 -74.521 0.45731 -0.4034 -0.79255 -0.87738 -0.059191 -0.47613 0.14516 0.91311 -0.381
5554.2 -7.5566 952.72 -74.304 0.46632 -0.4078 -0.78501 -0.87085 -0.055681 -0.48838 0.15545 0.91137 -0.3811
5564.2 -7.5061 953.06 -74.419 0.46638 -0.40652 -0.78564 -0.87125 -0.057516 -0.48745 0.15297 0.91183 -0.38101
5574.2 -8.3996 953.8 -74.429 0.46219 -0.40255 -0.79015 -0.87451 -0.059155 -0.4814 0.14705 0.91348 -0.37938
5584.2 -8.5761 954.06 -74.454 0.46201 -0.39984 -0.79163 -0.87518 -0.06103 -0.47994 0.14359 0.91455 -0.37813
5594.2 -8.0492 953.58 -74.422 0.46477 -0.39948 -0.79019 -0.87359 -0.061426 -0.48277 0.14432 0.91468 -0.37753
5604.2 -7.8286 953.36 -74.364 0.46629 -0.39756 -0.79027 -0.87298 -0.062296 -0.48376 0.14309 0.91546 -0.37611
5614.2 -8.8529 954.63 -74.507 0.4609 -0.3914 -0.79648 -0.87738 -0.066152 -0.47521 0.13331 0.91784 -0.3739
5624.2 -7.6265 953.32 -74.336 0.46676 -0.39216 -0.79268 -0.87352 -0.064353 -0.48252 0.13822 0.91764 -0.3726
5634.2 -6.5914 952.26 -74.211 0.47161 -0.39178 -0.78999 -0.87048 -0.063712 -0.48806 0.14088 0.91785 -0.37109
5644.2 -4.9048 950.58 -74.077 0.47714 -0.39451 -0.7853 -0.86618 -0.060067 -0.49611 0.14855 0.91693 -0.37038
5654.2 -4.6774 950.63 -74.118 0.47513 -0.39248 -0.78753 -0.86777 -0.060801 -0.49323 0.1457 0.91775 -0.36947
5664.2 -5.6993 952.37 -74.345 0.46547 -0.38691 -0.79602 -0.87499 -0.065845 -0.47964 0.13316 0.91977 -0.36919
5674.2 -4.7311 951.7 -74.278 0.46631 -0.38739 -0.79529 -0.87436 -0.065285 -0.48087 0.13436 0.9196 -0.36916
5684.2 -3.4325 951.46 -74.41 0.46394 -0.38994 -0.79543 -0.87562 -0.065714 -0.4785 0.13431 0.91849 -0.37192
5694.2 -2.4607 951.1 -74.368 0.46304 -0.39089 -0.79548 -0.87609 -0.065774 -0.47764 0.13438 0.91808 -0.37291
5704.2 -1.4869 950.87 -74.361 0.46164 -0.39176 -0.79587 -0.877 -0.066779 -0.47582 0.13326 0.91764 -0.3744
5714.2 -0.23967 950.38 -74.298 0.46124 -0.3934 -0.7953 -0.87718 -0.067321 -0.47542 0.13349 0.9169 -0.37613
5724.2 0.89862 950.02 -74.275 0.45972 -0.39445 -0.79565 -0.87811 -0.068119 -0.47359 0.13261 0.91639 -0.37769
5734.2 2.1846 949.7 -74.271 0.45792 -0.3957 -0.79608 -0.87919 -0.068955 -0.47145 0.13166 0.91579 -0.37947
5744.2 3.1776 948.84 -74.107 0.45986 -0.39471 -0.79544 -0.87825 -0.069866 -0.47306 0.13115 0.91614 -0.37879
5754.2 5.0185 948.59 -74.162 0.45373 -0.39784 -0.79741 -0.88135 -0.068036 -0.46755 0.13176 0.91493 -0.3815
5764.2 6.5308 948.49 -74.354 0.45136 -0.39843 -0.79845 -0.88313 -0.071184 -0.4637 0.12792 0.91443 -0.384
5774.2 8.193 947.93 -74.409 0.44694 -0.39985 -0.80023 -0.88551 -0.070817 -0.45919 0.12694 0.91384 -0.38572
5784.2 10.047 947.49 -74.521 0.44283 -0.40169 -0.80159 -0.8878 -0.071457 -0.45465 0.12535 0.91298 -0.38826
5794.2 12.085 946.9 -74.534 0.43914 -0.40378 -0.80257 -0.88973 -0.071527 -0.45085 0.12464 0.91206 -0.39066
5804.2 12.97 945.94 -74.167 0.43783 -0.39978 -0.80528 -0.89084 -0.072059 -0.44857 0.1213 0.91377 -0.38769
5814.2 14.693 945.44 -74.116 0.43609 -0.39728 -0.80746 -0.89238 -0.075146 -0.44498 0.1161 0.91462 -0.3873
5824.2 16.405 944.96 -74.071 0.4319 -0.39488 -0.81089 -0.89495 -0.076039 -0.43964 0.11195 0.91558 -0.38624
5834.2 19.298 944.87 -74.528 0.42249 -0.39795 -0.81433 -0.89967 -0.075098 -0.43006 0.10999 0.91433 -0.38975
5844.2 21.256 943.16 -74.273 0.42008 -0.39626 -0.8164 -0.90053 -0.070861 -0.42897 0.11213 0.9154 -0.38661
5854.2 23.592 942.82 -74.594 0.41459 -0.39598 -0.81934 -0.90341 -0.070876 -0.42288 0.10938 0.91552 -0.38712
5864.2 25.702 941.46 -74.492 0.40885 -0.39521 -0.82259 -0.90573 -0.065284 -0.4188 0.11181 0.91627 -0.38464
5874.2 27.429 940.68 -74.527 0.40336 -0.39306 -0.82632 -0.9087 -0.065924 -0.41222 0.10755 0.91715 -0.38376
5884.2 29.302 939.83 -74.446 0.39735 -0.39068 -0.83035 -0.91166 -0.064709 -0.40581 0.10481 0.91825 -0.38188
5894.2 31.579 939.04 -74.555 0.39104 -0.38932 -0.83398 -0.9147 -0.063892 -0.39906 0.10208 0.91889 -0.38109
5904.2 33.78 937.58 -74.371 0.38559 -0.38891 -0.8367 -0.91677 -0.059128 -0.39501 0.10415 0.91938 -0.37934
5914.2 36.065 936.55 -74.52 0.37964 -0.38986 -0.83898 -0.91937 -0.057884 -0.38911 0.10314 0.91905 -0.3804
5924.2 38.31 934.98 -74.62 0.37315 -0.39095 -0.84138 -0.92174 -0.052938 -0.38419 0.10566 0.91889 -0.3801
5934.2 40.372 933.6 -74.726 0.36839 -0.39059 -0.84364 -0.92355 -0.04978 -0.38023 0.10652 0.91922 -0.37907
5944.2 43.022 932.45 -74.704 0.36368 -0.39013 -0.84589 -0.92562 -0.049239 -0.37525 0.10474 0.91944 -0.37901
5954.2 44.13 930.52 -74.402 0.36037 -0.38604 -0.84918 -0.92681 -0.045046 -0.37283 0.10568 0.92138 -0.37402
5964.2 45.744 929.4 -74.466 0.35752 -0.3838 -0.8514 -0.92832 -0.046501 -0.36886 0.10198 0.92225 -0.37291
5974.2 47.955 927.74 -74.553 0.35277 -0.38453 -0.85305 -0.92996 -0.043162 -0.36512 0.10358 0.9221 -0.37283
5984.2 50.345 926.3 -74.78 0.34867 -0.38536 -0.85436 -0.93137 -0.040514 -0.36182 0.10482 0.92188 -0.37303
5994.2 54.199 920.05 -74.498 0.36722 -0.39098 -0.84397 -0.9217 -0.031034 -0.38667 0.12499 0.91988 -0.37176
6004.2 53.919 922.77 -74.882 0.33767 -0.383 -0.85982 -0.93548 -0.035471 -0.35159 0.10416 0.92307 -0.37027
6014.2 55.578 921.42 -74.956 0.33423 -0.38037 -0.86233 -0.93726 -0.037887 -0.34657 0.099152 0.92406 -0.36917
6024.2 58.257 919.04 -74.863 0.33061 -0.38073 -0.86356 -0.93834 -0.034653 -0.34396 0.10103 0.92404 -0.36871
6034.2 59.461 917.08 -74.93 0.32911 -0.3791 -0.86485 -0.93875 -0.032298 -0.34307 0.10213 0.92479 -0.36651
6044.2 61.208 915.31 -75.083 0.32295 -0.37975 -0.86689 -0.94051 -0.026584 -0.33873 0.10559 0.92471 -0.36575
6054.2 63.135 912.88 -75.191 0.31912 -0.38097 -0.86777 -0.9413 -0.021085 -0.33691 0.11005 0.92435 -0.36534
6064.2 64.197 908.18 -74.869 0.3043 -0.37822 -0.87427 -0.94487 -0.003314 -0.32744 0.12095 0.92571 -0.35838
6074.2 67.937 909.93 -75.24 0.31667 -0.38487 -0.86694 -0.94268 -0.026268 -0.33267 0.10526 0.9226 -0.37113
6084.2 64.645 900.98 -74.735 0.27736 -0.36838 -0.88734 -0.95191 0.019766 -0.30575 0.13017 0.92946 -0.34518
6094.2 69.707 904.73 -75.461 0.30481 -0.38115 -0.87282 -0.94607 -0.015578 -0.32359 0.10974 0.92438 -0.36534
6104.2 71.415 900.96 -75.142 0.30202 -0.38321 -0.87289 -0.94579 -0.005718 -0.32473 0.11945 0.92364 -0.36417
6114.2 73.024 898.39 -75.173 0.29733 -0.38465 -0.87386 -0.94685 -0.00113 -0.32167 0.12274 0.92306 -0.36454
6124.2 74.295 894.83 -75.16 0.28498 -0.38384 -0.87833 -0.9501 0.008176 -0.31184 0.12688 0.92336 -0.36235
6134.2 76.24 895.19 -75.709 0.29015 -0.38601 -0.87568 -0.94998 -0.005689 -0.31226 0.11555 0.92248 -0.36835
6144.2 77.835 893.31 -75.911 0.28781 -0.38646 -0.87625 -0.95111 -0.008332 -0.30873 0.11201 0.92227 -0.36996
6154.2 79.299 889.87 -75.721 0.28451 -0.38736 -0.87693 -0.95158 -0.003057 -0.30738 0.11639 0.92192 -0.36947
6164.2 81.097 886.61 -75.584 0.28248 -0.38905 -0.87684 -0.9514 0.003257 -0.30795 0.12266 0.92121 -0.36923
6174.2 82.61 884.15 -75.777 0.27936 -0.38961 -0.87759 -0.95218 0.005373 -0.30549 0.12374 0.92096 -0.36948
6184.2 83.454 882.47 -76.084 0.27138 -0.38801 -0.88079 -0.95484 0.006483 -0.29705 0.12097 0.92163 -0.36873
6194.2 85.279 880.7 -76.597 0.27145 -0.38821 -0.88069 -0.95534 0.002329 -0.29549 0.11676 0.92157 -0.37024
6204.2 86.545 878.25 -76.76 0.26786 -0.38755 -0.88207 -0.95635 0.004079 -0.29221 0.11684 0.92184 -0.36954
6214.2 87.714 875.72 -76.976 0.26267 -0.38726 -0.88376 -0.95765 0.007308 -0.28783 0.11792 0.92194 -0.36894
6224.2 88.444 872.22 -76.807 0.25493 -0.38687 -0.8862 -0.95876 0.017956 -0.28364 0.12564 0.92196 -0.36634
6234.2 86.66 864.44 -76.555 0.22313 -0.37592 -0.89939 -0.96358 0.054478 -0.26182 0.14742 0.92505 -0.35007
6244.2 91.39 867.24 -77.353 0.2462 -0.39085 -0.88692 -0.96044 0.024474 -0.2774 0.13013 0.92013 -0.36936
6254.2 92.508 864.63 -77.535 0.24204 -0.39197 -0.88757 -0.96115 0.028253 -0.27458 0.1327 0.91954 -0.3699
6264.2 93.429 862.17 -77.812 0.23753 -0.39229 -0.88864 -0.96211 0.031089 -0.2709 0.13389 0.91932 -0.37004
6274.2 94.24 860.29 -78.378 0.23387 -0.39183 -0.88982 -0.96343 0.029755 -0.26632 0.13083 0.91956 -0.37054
6284.2 95.023 857.85 -78.573 0.23069 -0.39141 -0.89083 -0.9641 0.031813 -0.26364 0.13153 0.91966 -0.37002
6294.2 92.648 850.62 -78.077 0.202 -0.37908 -0.90305 -0.96775 0.064428 -0.24352 0.15049 0.92312 -0.35384
6304.2 93.138 848.32 -78.126 0.20065 -0.37652 -0.90442 -0.9681 0.065226 -0.24193 0.15008 0.92411 -0.35142
6314.2 96.349 850.4 -78.593 0.22013 -0.38495 -0.8963 -0.96674 0.036537 -0.25312 0.13019 0.92221 -0.36411
6324.2 96.773 848.32 -78.564 0.21815 -0.3829 -0.89767 -0.96766 0.034522 -0.24988 0.12667 0.92315 -0.36298
6334.2 97.277 845.96 -78.549 0.21487 -0.38226 -0.89873 -0.96838 0.036066 -0.24686 0.12678 0.92335 -0.36242
6344.2 97.959 843.55 -78.584 0.21144 -0.38304 -0.89921 -0.96875 0.03996 -0.24481 0.1297 0.92287 -0.36262
6354.2 98.664 841.26 -78.957 0.20718 -0.38431 -0.89965 -0.96939 0.043231 -0.24171 0.13178 0.92219 -0.36359
6364.2 98.651 838.16 -78.969 0.198 -0.38373 -0.90197 -0.97025 0.05405 -0.23598 0.13931 0.92186 -0.36162
6374.2 96.885 832.45 -78.574 0.17436 -0.37474 -0.91059 -0.97255 0.079147 -0.2188 0.15406 0.92374 -0.35066
6384.2 97.721 830.88 -78.684 0.17223 -0.37593 -0.9105 -0.97326 0.077672 -0.21617 0.15199 0.92339 -0.3525
6394.1 97.881 828.31 -78.722 0.16579 -0.37479 -0.91217 -0.97403 0.082409 -0.2109 0.15421 0.92344 -0.35139
6404.1 98.304 825.88 -78.794 0.16062 -0.37517 -0.91294 -0.9747 0.08539 -0.20657 0.15546 0.92301 -0.35196
6414.1 100.52 826.6 -79.387 0.17255 -0.38242 -0.90773 -0.97446 0.068172 -0.21395 0.1437 0.92147 -0.36089
6424.1 100.67 823.57 -78.963 0.16788 -0.38196 -0.9088 -0.97458 0.074406 -0.2113 0.14833 0.92118 -0.35976
6434.1 101.08 821.09 -78.867 0.16565 -0.38273 -0.90889 -0.97498 0.07495 -0.20926 0.14821 0.92081 -0.36074
6444.1 101.38 819.08 -79.141 0.16308 -0.383 -0.90924 -0.97591 0.072763 -0.20569 0.14494 0.92088 -0.36191
6454.1 101.61 816.67 -79.213 0.16038 -0.38354 -0.90949 -0.97627 0.074225 -0.20345 0.14554 0.92054 -0.36253
6464.1 101.79 814.17 -79.353 0.15716 -0.38378 -0.90995 -0.97665 0.076272 -0.20085 0.14649 0.92027 -0.36284
6474.1 101.2 811.26 -79.242 0.14974 -0.3812 -0.91229 -0.97746 0.081838 -0.19463 0.14885 0.92086 -0.36035
6484.1 101.3 808.65 -79.167 0.14681 -0.38025 -0.91316 -0.97779 0.083784 -0.19209 0.14955 0.92108 -0.35951
6494.1 101.32 806.35 -79.194 0.1422 -0.37901 -0.9144 -0.97866 0.084629 -0.18727 0.14836 0.92151 -0.35889
6504.1 94.984 795.97 -77.872 0.095949 -0.35094 -0.93147 -0.97843 0.13872 -0.15305 0.18293 0.92606 -0.33007
6514.1 97.709 796.08 -78.511 0.10578 -0.36053 -0.92673 -0.9793 0.12395 -0.16 0.17256 0.92448 -0.33996
6524.1 97.439 793.17 -78.545 0.098094 -0.35792 -0.92858 -0.97947 0.13042 -0.15374 0.17614 0.9246 -0.33778
6534.1 101.15 795.28 -79.251 0.1176 -0.37209 -0.92071 -0.98039 0.10416 -0.16731 0.15815 0.92233 -0.35255
6544.1 100.83 792.6 -79.154 0.10975 -0.36915 -0.92287 -0.981 0.1092 -0.16034 0.15997 0.92293 -0.35015
6554.1 100.58 789.98 -79.198 0.10322 -0.36648 -0.92468 -0.98156 0.11286 -0.1543 0.16091 0.92356 -0.34807
6564.1 100.15 786.49 -78.913 0.097623 -0.36282 -0.92673 -0.98087 0.12252 -0.1513 0.16844 0.92377 -0.34392
6574.1 99.643 783.75 -79.009 0.090038 -0.3593 -0.92887 -0.98103 0.12875 -0.1449 0.17165 0.9243 -0.34089
6584.1 99.178 781.07 -79.05 0.083889 -0.35626 -0.93061 -0.98126 0.13305 -0.13939 0.17348 0.92487 -0.33842
6594.1 98.668 778.61 -79.008 0.077782 -0.35354 -0.93218 -0.98188 0.13488 -0.13309 0.17278 0.92564 -0.33664
6604.1 98.226 775.95 -78.906 0.072863 -0.35123 -0.93345 -0.98216 0.13741 -0.12837 0.17335 0.92615 -0.33495
6614.1 94.502 769.62 -78.318 0.047447 -0.33393 -0.9414 -0.9804 0.16483 -0.10788 0.19119 0.92807 -0.31957
6624.1 97.011 770.17 -78.957 0.062731 -0.3452 -0.93643 -0.98174 0.14749 -0.12014 0.17958 0.92687 -0.32965
6634.1 93.995 765.14 -78.507 0.039167 -0.33221 -0.94239 -0.9809 0.16705 -0.099655 0.19053 0.92829 -0.31932
6644.1 94.772 764.17 -78.655 0.041264 -0.33582 -0.94102 -0.9822 0.15909 -0.099842 0.18323 0.92839 -0.32328
6654.1 92.402 760.19 -78.181 0.029773 -0.32503 -0.94523 -0.98096 0.17207 -0.090068 0.19192 0.92992 -0.31372
6664.1 91.418 757.69 -78.329 0.024409 -0.32149 -0.9466 -0.98083 0.17541 -0.084867 0.19333 0.93052 -0.31105
6674.1 89.986 754.45 -78.126 0.017729 -0.3157 -0.94869 -0.97938 0.18549 -0.080028 0.20123 0.93055 -0.30591
6684.1 89.029 752.04 -78.172 0.012829 -0.31301 -0.94966 -0.9789 0.18976 -0.075771 0.20393 0.9306 -0.30398
6694.1 88.2 749.76 -78.156 0.00822 -0.3119 -0.95008 -0.97876 0.19214 -0.071544 0.20486 0.93048 -0.3037
6704.1 86.663 747.06 -78.032 0.000152 -0.30844 -0.95125 -0.97828 0.19712 -0.06407 0.20727 0.9306 -0.30171
6714.1 84.837 743.89 -77.78 -0.00919 -0.30417 -0.95257 -0.97723 0.20466 -0.055924 0.21197 0.93037 -0.29913
6724.1 84.208 742.06 -77.857 -0.012719 -0.30608 -0.95192 -0.97764 0.20364 -0.052414 0.20989 0.92997 -0.30182
6734.1 87.953 744.21 -78.998 0.003761 -0.32889 -0.94436 -0.98245 0.1749 -0.064825 0.18649 0.92803 -0.32247
6744.1 82.93 738.29 -77.892 -0.016726 -0.31128 -0.95017 -0.9784 0.20093 -0.048602 0.20605 0.92883 -0.30792
6754.1 82.244 736.67 -77.978 -0.016714 -0.31398 -0.94928 -0.97896 0.19827 -0.048341 0.20339 0.9285 -0.31069
6764.1 81.047 734.35 -77.931 -0.017677 -0.31423 -0.94918 -0.97864 0.19992 -0.04796 0.20483 0.92806 -0.31105
6774.1 79.681 731.97 -77.975 -0.018776 -0.31375 -0.94932 -0.97804 0.20289 -0.047709 0.20758 0.92758 -0.31067
6784.1 78.202 729.48 -77.933 -0.021789 -0.31323 -0.94943 -0.97728 0.20696 -0.045849 0.21085 0.92685 -0.31062
6794.1 77.553 727.59 -77.986 -0.022133 -0.3166 -0.9483 -0.97729 0.20681 -0.046236 0.21076 0.92574 -0.31399
6804.1 76.097 725.35 -77.932 -0.026801 -0.31632 -0.94827 -0.97694 0.20928 -0.0422 0.2118 0.92528 -0.31464
6814.1 75.337 723.73 -77.949 -0.028334 -0.31915 -0.94728 -0.9772 0.20833 -0.040962 0.21042 0.92452 -0.31778
6824.1 74.087 722.38 -78.192 -0.029671 -0.31957 -0.9471 -0.97778 0.20599 -0.038871 0.20751 0.9249 -0.31858
6834.1 72.664 719.99 -77.858 -0.033195 -0.31866 -0.94729 -0.97696 0.21027 -0.036499 0.21082 0.92425 -0.31829
6844.1 71.829 718.07 -77.711 -0.035374 -0.32019 -0.94669 -0.97691 0.21081 -0.034799 0.21072 0.9236 -0.32025
6854.1 68.852 714.47 -77.044 -0.048745 -0.31237 -0.94871 -0.9745 0.22316 -0.023407 0.21903 0.92338 -0.31528
6864.1 68.936 713.76 -77.23 -0.043026 -0.318 -0.94711 -0.97613 0.21536 -0.027963 0.21286 0.92331 -0.31968
6874.1 66.645 710.58 -76.536 -0.054923 -0.3131 -0.94813 -0.97418 0.22506 -0.017889 0.21899 0.92267 -0.31738
6884.1 65.26 709.48 -76.728 -0.055471 -0.31265 -0.94825 -0.97515 0.22096 -0.015809 0.21447 0.92381 -0.31714
6894.1 63.786 707.33 -76.366 -0.059675 -0.31175 -0.94829 -0.97467 0.22334 -0.012087 0.21556 0.92354 -0.31718
6904.1 62.136 704.86 -75.756 -0.064155 -0.31007 -0.94855 -0.97362 0.22801 -0.008682 0.21897 0.92297 -0.31652
6914.1 64.191 705.38 -76.072 -0.057445 -0.32643 -0.94348 -0.97732 0.21133 -0.01361 0.20382 0.9213 -0.33116
6924.1 62.228 702.85 -75.506 -0.063256 -0.32359 -0.94408 -0.97632 0.21614 -0.008668 0.20686 0.92118 -0.3296
6934.1 61.471 701.35 -75.182 -0.062356 -0.32607 -0.94329 -0.97693 0.21337 -0.009176 0.20426 0.92095 -0.33185
6944.1 54.055 695.05 -73.463 -0.09251 -0.29881 -0.94982 -0.96924 0.24553 0.017159 0.22808 0.92219 -0.31233
6954.1 54.522 694.51 -73.47 -0.086865 -0.30797 -0.94742 -0.9718 0.23549 0.012551 0.21924 0.92179 -0.31974
6964.1 52.229 692.29 -72.936 -0.093709 -0.30467 -0.94784 -0.97097 0.2384 0.019366 0.22007 0.92214 -0.31816
6974.1 54.378 692.85 -73.117 -0.080925 -0.32163 -0.9434 -0.97537 0.22041 0.008524 0.20519 0.92085 -0.33154
6984.1 52.967 691.3 -72.737 -0.081355 -0.32221 -0.94317 -0.97575 0.21867 0.009462 0.20319 0.92107 -0.33219
6994.1 52.599 690.36 -72.565 -0.077396 -0.32784 -0.94156 -0.97723 0.21209 0.006479 0.19757 0.92062 -0.33679
7004.1 50.428 687.99 -71.842 -0.082035 -0.32644 -0.94165 -0.97631 0.21613 0.010127 0.20021 0.92017 -0.33644
7014.1 44.851 683.24 -70.547 -0.099689 -0.30862 -0.94595 -0.97128 0.23662 0.025161 0.21606 0.92129 -0.32334
7024.1 43.398 681.53 -70.09 -0.10058 -0.31092 -0.9451 -0.97149 0.23566 0.025862 0.21468 0.92076 -0.32576
7034.1 38.628 677.61 -69.109 -0.1158 -0.29839 -0.94739 -0.96713 0.25126 0.039073 0.22639 0.92078 -0.31767
7044.1 37.749 677.22 -69.394 -0.10751 -0.30226 -0.94714 -0.96975 0.24188 0.032884 0.21915 0.92203 -0.31912
7054.1 35.845 675.2 -69.134 -0.10833 -0.3028 -0.94688 -0.96922 0.24399 0.032859 0.22108 0.92129 -0.31991
7064.1 33.823 673.05 -68.809 -0.10947 -0.30248 -0.94685 -0.96828 0.2477 0.032822 0.2246 0.92041 -0.32
7074.1 37.598 674.44 -69.372 -0.088687 -0.32965 -0.93993 -0.97423 0.22519 0.012943 0.2074 0.91685 -0.34113
7084.1 30.303 669.16 -68.168 -0.11248 -0.30537 -0.94557 -0.96702 0.25249 0.033492 0.22852 0.91815 -0.3237
7094.1 27.859 667.21 -68.007 -0.11716 -0.30364 -0.94556 -0.96635 0.25441 0.038036 0.22901 0.91819 -0.32322
7104.1 26.041 665.73 -67.828 -0.1182 -0.30527 -0.9449 -0.96662 0.25323 0.039103 0.22734 0.91798 -0.32501
7114.1 28.047 666.25 -68.224 -0.10366 -0.32437 -0.94024 -0.97142 0.23596 0.025697 0.21352 0.91603 -0.33956
7124.1 26.786 665.24 -68.21 -0.10085 -0.32865 -0.93905 -0.97265 0.23106 0.023587 0.20923 0.91575 -0.34297
7134.1 20.528 660.37 -67.075 -0.11839 -0.3095 -0.9435 -0.96642 0.25418 0.037883 0.22809 0.9163 -0.3292
7144.1 16.649 658.03 -66.748 -0.12552 -0.30147 -0.94518 -0.96433 0.26089 0.044848 0.23306 0.91709 -0.32346
7154.1 13.719 655.6 -66.38 -0.1296 -0.29786 -0.94577 -0.96257 0.26678 0.04788 0.23805 0.91657 -0.32129
7164.1 12.769 654.94 -66.666 -0.12396 -0.30334 -0.94479 -0.96478 0.25948 0.043276 0.23203 0.91687 -0.32482
7174.1 10.879 653.61 -66.674 -0.12588 -0.3048 -0.94406 -0.96522 0.25744 0.045581 0.22915 0.91696 -0.32661
7184.1 10.102 652.41 -66.612 -0.12608 -0.31151 -0.94184 -0.96605 0.25436 0.045191 0.22549 0.91556 -0.33301
7194.1 5.9307 649.36 -66.188 -0.13587 -0.30065 -0.94401 -0.96263 0.26538 0.05403 0.23428 0.91607 -0.32547
7204.1 5.6592 649.08 -66.715 -0.12847 -0.30751 -0.94283 -0.96526 0.2569 0.047735 0.22753 0.91621 -0.32983
7214.1 3.2569 647.13 -66.655 -0.1324 -0.30495 -0.94312 -0.96435 0.25957 0.051447 0.22911 0.91631 -0.32845
7224.1 1.3544 645.59 -66.647 -0.13399 -0.3049 -0.94291 -0.96441 0.25897 0.053303 0.22793 0.9165 -0.32875
7234.1 -0.13445 644.35 -66.68 -0.13503 -0.30723 -0.94201 -0.96513 0.25596 0.054859 0.22426 0.91656 -0.33108
7244.1 -2.1746 642.84 -66.652 -0.13905 -0.30734 -0.94139 -0.96507 0.25522 0.059222 0.22206 0.91674 -0.33209
7254.1 -5.8199 640.2 -66.192 -0.14741 -0.29911 -0.94276 -0.96239 0.26328 0.066951 0.22819 0.91718 -0.32667
7264.1 -8.1821 638.06 -66.075 -0.15057 -0.29756 -0.94275 -0.96149 0.26585 0.069658 0.2299 0.91694 -0.32613
7274.1 -9.2865 637.19 -66.385 -0.14548 -0.30124 -0.94238 -0.96348 0.25959 0.065756 0.22483 0.91753 -0.32801
7284.1 -11.09 635.59 -66.398 -0.14559 -0.30159 -0.94226 -0.96378 0.25835 0.066222 0.22346 0.91777 -0.32828
7294.1 -12.997 634.05 -66.44 -0.14588 -0.30128 -0.94231 -0.96403 0.25723 0.066993 0.22221 0.91818 -0.32796
7304.1 -14.744 632.69 -66.686 -0.1471 -0.30176 -0.94197 -0.96464 0.25433 0.069162 0.2187 0.91883 -0.3285
7314.1 -15.293 631.35 -66.684 -0.14663 -0.30776 -0.9401 -0.96549 0.25132 0.06832 0.21524 0.91767 -0.33399
7324.1 -18.457 629.22 -66.601 -0.15003 -0.30095 -0.94176 -0.96428 0.25485 0.072179 0.21828 0.91896 -0.32843
7334.1 -18.956 627.6 -66.595 -0.15252 -0.30722 -0.93934 -0.96469 0.25281 0.073956 0.21475 0.91744 -0.33493
7344.1 -15.65 629.18 -67.209 -0.13689 -0.33298 -0.93295 -0.97175 0.22795 0.061225 0.19228 0.91497 -0.35477
7354.1 -15.769 628.53 -66.775 -0.13662 -0.34395 -0.929 -0.9742 0.21668 0.063047 0.17961 0.91365 -0.36468
7364.1 -16.093 627.7 -66.187 -0.13341 -0.35354 -0.92585 -0.97666 0.20557 0.062238 0.16832 0.91255 -0.37272
7374.1 -22.063 622.98 -65.074 -0.15093 -0.33512 -0.93001 -0.97178 0.22282 0.077418 0.18128 0.91545 -0.35929
7384.1 -23.098 621.56 -64.846 -0.14443 -0.3376 -0.93014 -0.97296 0.21967 0.071352 0.18024 0.9153 -0.3602
7394 -26.482 618.54 -64.48 -0.14687 -0.32745 -0.93338 -0.97056 0.2298 0.072098 0.19088 0.9165 -0.35156
7404 -30.065 615.21 -64.14 -0.15091 -0.31509 -0.93699 -0.96712 0.24334 0.073929 0.20471 0.91733 -0.34146
7414 -31.179 613.53 -64.269 -0.14943 -0.3147 -0.93735 -0.96664 0.24594 0.071532 0.20802 0.91677 -0.34096
7424 -34.761 610.28 -63.702 -0.16122 -0.30316 -0.9392 -0.96214 0.26019 0.081174 0.21976 0.91673 -0.33363
7434 -38.662 607.12 -63.218 -0.17478 -0.29076 -0.94069 -0.95735 0.27342 0.093363 0.23006 0.9169 -0.32615
7444 -34.892 608.44 -64.216 -0.15901 -0.316 -0.93534 -0.96448 0.25215 0.078769 0.21096 0.91464 -0.34487
7454 -37.655 605.64 -63.917 -0.16838 -0.31017 -0.93565 -0.96134 0.26149 0.08632 0.21789 0.91401 -0.3422
7464 -38.759 604.01 -63.926 -0.16291 -0.31171 -0.93611 -0.96188 0.26142 0.080342 0.21968 0.91351 -0.34241
7474 -39.726 602.61 -64.259 -0.16179 -0.31468 -0.93531 -0.96285 0.25799 0.079746 0.21621 0.91346 -0.34473
7484 -38.863 601.49 -64.415 -0.1555 -0.32552 -0.93266 -0.96515 0.25125 0.073226 0.2105 0.91154 -0.35325
7494 -39.795 599.97 -64.408 -0.15166 -0.32782 -0.93249 -0.96628 0.24778 0.070047 0.20809 0.91167 -0.35434
7504 -43.134 597.57 -64.255 -0.15444 -0.31875 -0.93517 -0.96499 0.25176 0.073555 0.21199 0.91379 -0.34647
7514 -44.334 595.96 -64.246 -0.15218 -0.31921 -0.93539 -0.96581 0.24902 0.072146 0.2099 0.91438 -0.34619
7524 -45.731 594.19 -64.188 -0.15159 -0.31836 -0.93577 -0.96592 0.24867 0.071869 0.20982 0.91477 -0.3452
7534 -47.192 592.15 -64.119 -0.14896 -0.31658 -0.9368 -0.96583 0.2498 0.069166 0.21211 0.91509 -0.34297
7544 -47.949 590.53 -64.167 -0.14856 -0.31824 -0.9363 -0.9662 0.24842 0.068871 0.21067 0.91488 -0.34439
7554 -50.05 588.71 -64.259 -0.14707 -0.31371 -0.93806 -0.966 0.24941 0.068046 0.21262 0.91618 -0.33972
7564 -51.67 586.58 -64.378 -0.1495 -0.31113 -0.93854 -0.96522 0.2518 0.070277 0.21446 0.91641 -0.33795
7574 -53.898 584.31 -64.476 -0.14955 -0.30619 -0.94015 -0.9642 0.25575 0.070084 0.21898 0.91697 -0.33348
7584 -55.819 582.24 -64.911 -0.14837 -0.30302 -0.94136 -0.96396 0.2569 0.069237 0.22086 0.9177 -0.33021
7594 -57.074 580.8 -65.641 -0.14378 -0.30346 -0.94193 -0.96484 0.25462 0.065243 0.22004 0.91819 -0.3294
7604 -58.616 578.56 -66.071 -0.14024 -0.30318 -0.94256 -0.96474 0.25599 0.061197 0.22273 0.91791 -0.32839
7614 -56.064 579.52 -66.827 -0.12298 -0.32453 -0.93785 -0.97108 0.23425 0.046274 0.20467 0.91641 -0.34395
7624 -57.827 577.93 -66.722 -0.12316 -0.32542 -0.93751 -0.97211 0.22953 0.048033 0.19956 0.91729 -0.34462
7634 -58.687 576.61 -66.748 -0.11904 -0.33087 -0.93614 -0.97396 0.22216 0.04533 0.19298 0.91715 -0.3487
7644 -60.584 574.9 -66.518 -0.11935 -0.33133 -0.93594 -0.97459 0.21907 0.046728 0.18955 0.91773 -0.34905
7654 -62.69 572.63 -66.333 -0.11475 -0.32956 -0.93714 -0.97487 0.21871 0.042458 0.19097 0.91845 -0.34637
7664 -64.093 571.51 -66.599 -0.10794 -0.33089 -0.93748 -0.97644 0.21253 0.037412 0.18686 0.91943 -0.34603
7674 -68.34 567.84 -66.053 -0.11291 -0.31906 -0.94098 -0.97365 0.22437 0.040752 0.19813 0.92079 -0.33599
7684 -71.387 566.03 -66.131 -0.10981 -0.31256 -0.94353 -0.97391 0.22348 0.039316 0.19858 0.92323 -0.32895
7694 -73.345 564.34 -66.22 -0.10678 -0.31209 -0.94403 -0.97461 0.22078 0.037251 0.1968 0.92404 -0.32774
7704 -75.259 562.66 -66.247 -0.10447 -0.31245 -0.94417 -0.97535 0.21774 0.035867 0.19438 0.92464 -0.3275
7714 -73.467 562.72 -66.398 -0.088949 -0.33135 -0.93931 -0.97911 0.20222 0.021384 0.18286 0.92158 -0.34241
7724 -76.871 559.47 -66.036 -0.091507 -0.3261 -0.9409 -0.97781 0.20825 0.022919 0.18847 0.92211 -0.33792
7734 -76.509 559.35 -66.434 -0.075875 -0.33877 -0.9378 -0.98138 0.19179 0.010118 0.17644 0.92111 -0.34702
7744 -79.113 557.08 -66.362 -0.072818 -0.33823 -0.93824 -0.9816 0.19082 0.007393 0.17654 0.92151 -0.3459
7754 -79.993 555.93 -66.482 -0.061535 -0.34559 -0.93637 -0.98333 0.18179 -0.002473 0.17108 0.92061 -0.35101
7764 -82.36 553.89 -66.494 -0.056842 -0.34667 -0.93626 -0.98393 0.17844 -0.006335 0.16927 0.92086 -0.35124
7774 -82.91 553 -66.72 -0.041677 -0.35534 -0.93381 -0.98591 0.16617 -0.019232 0.16201 0.91985 -0.35726
7784 -86.844 550.02 -66.596 -0.042846 -0.34882 -0.93621 -0.98527 0.17002 -0.018254 0.16554 0.92164 -0.35097
7794 -92.644 545.81 -66.567 -0.046622 -0.333 -0.94177 -0.98291 0.18338 -0.016184 0.1781 0.92492 -0.33586
7804 -94.805 543.75 -66.684 -0.036825 -0.33256 -0.94236 -0.9835 0.17922 -0.024814 0.17715 0.9259 -0.33367
7814 -97.034 541.67 -66.855 -0.027217 -0.33303 -0.94252 -0.98382 0.17595 -0.03376 0.17708 0.92635 -0.33243
7824 -98.893 539.28 -67.072 -0.011491 -0.33659 -0.94158 -0.98417 0.17033 -0.04888 0.17684 0.92612 -0.33322
7834 -97.705 540.36 -67.576 0.001255 -0.35364 -0.93538 -0.98686 0.15067 -0.058287 0.16154 0.92317 -0.3488
7844 -103.88 534.84 -67.284 -0.011298 -0.33785 -0.94113 -0.98409 0.17063 -0.049439 0.17729 0.9256 -0.33441
7854 -102.67 535.57 -68.182 0.013575 -0.35468 -0.93489 -0.98634 0.14873 -0.070748 0.16414 0.92308 -0.34782
7864 -111.51 528.18 -67.554 -0.012371 -0.32808 -0.94457 -0.98187 0.1827 -0.050598 0.18917 0.92681 -0.32439
7874 -113.82 525.95 -67.994 -0.004507 -0.32999 -0.94397 -0.98209 0.17925 -0.057971 0.18834 0.92681 -0.32489
7884 -114.81 524.69 -68.751 0.010162 -0.3378 -0.94116 -0.98338 0.16725 -0.070648 0.18128 0.92624 -0.33049
7894 -114.39 527.56 -70.378 0.028507 -0.35015 -0.93626 -0.98691 0.13889 -0.081993 0.15875 0.92634 -0.34161
7904 -116.79 526.78 -71.181 0.033543 -0.35075 -0.93587 -0.98775 0.13118 -0.084565 0.15243 0.92724 -0.34205
7914 -117.54 520.29 -71.162 0.071266 -0.35809 -0.93096 -0.98301 0.13308 -0.12644 0.16917 0.92415 -0.34252
7924 -119.42 518.19 -71.935 0.080807 -0.36116 -0.929 -0.98233 0.12898 -0.13559 0.16879 0.92354 -0.34436
7934 -121.71 516.83 -72.787 0.086876 -0.36247 -0.92794 -0.98228 0.12412 -0.14045 0.16608 0.9237 -0.34526
7944 -123.55 514.26 -73.334 0.097215 -0.36479 -0.926 -0.98062 0.12389 -0.15175 0.17008 0.92281 -0.34568
7954 -125.25 511.75 -74.08 0.10767 -0.36723 -0.92388 -0.97906 0.1223 -0.16271 0.17275 0.92205 -0.34638
7964 -127.48 510.41 -74.565 0.10631 -0.36838 -0.92358 -0.97977 0.11959 -0.16048 0.16957 0.92195 -0.34821
7974 -128.6 508.66 -75.126 0.11864 -0.37275 -0.92032 -0.9786 0.11305 -0.17194 0.16813 0.92102 -0.35136
7984 104.41 530.34 126.28 0.006792 -0.87841 0.47785 0.84618 -0.24959 -0.47083 0.53285 0.40755 0.7416
7994 -131.47 505.51 -76.215 0.13237 -0.37601 -0.91711 -0.97771 0.10262 -0.18319 0.163 0.92091 -0.35405
8004 -132.87 503.25 -76.377 0.14003 -0.37794 -0.91518 -0.97659 0.099693 -0.1906 0.16327 0.92045 -0.35513
8014 -134.16 500.94 -76.437 0.14677 -0.38024 -0.91317 -0.97563 0.096577 -0.19702 0.16311 0.91983 -0.3568
8024 -136.02 500.35 -76.635 0.1509 -0.37997 -0.91261 -0.97639 0.087089 -0.1977 0.1546 0.92089 -0.35785
8034 95.679 526.64 126.81 -0.022329 -0.87064 0.49142 0.83869 -0.28385 -0.46479 0.54415 0.40177 0.73653
8044 -138.44 497.07 -76.504 0.1597 -0.38109 -0.91064 -0.97581 0.078564 -0.204 0.14929 0.9212 -0.35932
8054 -139.56 495.43 -76.646 0.16474 -0.38029 -0.91008 -0.97538 0.074353 -0.20763 0.14663 0.92187 -0.35868
8064 -140.04 491.93 -76.793 0.1749 -0.38095 -0.9079 -0.97251 0.077122 -0.21971 0.15372 0.92137 -0.35699
8074 -140.86 489.29 -77.098 0.1807 -0.37963 -0.90732 -0.97109 0.07745 -0.2258 0.15599 0.92189 -0.35466
8084 91.607 520.67 123.58 -0.033503 -0.86074 0.50794 0.83562 -0.30294 -0.45823 0.54829 0.40909 0.7294
8094 91.199 518.79 123.07 -0.034575 -0.8588 0.51114 0.83533 -0.30561 -0.45698 0.54867 0.41117 0.72795
8104 90.851 517.06 122.66 -0.03742 -0.85678 0.51432 0.83448 -0.30994 -0.4556 0.54976 0.41215 0.72657
8114 -142.88 477.36 -77.085 0.20834 -0.37487 -0.90336 -0.96482 0.072649 -0.25266 0.16034 0.92423 -0.34654
8124 -143.5 474.97 -77.087 0.21243 -0.37308 -0.90315 -0.96425 0.069797 -0.25563 0.15841 0.92517 -0.34492
8134 -144.03 472.71 -77.061 0.21634 -0.37173 -0.90278 -0.96377 0.066463 -0.25832 0.15603 0.92596 -0.34388
8144 -144.69 470.91 -77.193 0.21904 -0.36978 -0.90293 -0.96414 0.060086 -0.2585 0.14984 0.92718 -0.34335
8154 -145.22 468.59 -77.06 0.2228 -0.36823 -0.90265 -0.96373 0.056365 -0.26087 0.14694 0.92802 -0.34231
8164 -145.96 466.26 -77.063 0.22524 -0.3657 -0.90307 -0.96351 0.054003 -0.26219 0.14465 0.92917 -0.34019
8174 -146.79 463.09 -76.892 0.2273 -0.3623 -0.90392 -0.96246 0.057844 -0.2652 0.14837 0.93026 -0.33555
8184 -147.67 460.64 -77.14 0.22942 -0.35864 -0.90484 -0.96177 0.059316 -0.26737 0.14956 0.93159 -0.33132
8194 -151.45 462.76 -77.541 0.20438 -0.34403 -0.91644 -0.96996 0.055022 -0.23697 0.13195 0.93734 -0.32245
8204 -152.04 458.81 -77.54 0.21071 -0.34145 -0.91598 -0.96769 0.059871 -0.24492 0.13847 0.93799 -0.3178
8214 -153.09 456.65 -77.674 0.2095 -0.33798 -0.91754 -0.96823 0.059297 -0.24292 0.13651 0.93928 -0.31483
8224 -153.56 452.48 -77.543 0.21432 -0.33709 -0.91675 -0.96619 0.064542 -0.24961 0.14331 0.93926 -0.31186
8234 -155.02 451.13 -77.652 0.20772 -0.33284 -0.91982 -0.96848 0.06217 -0.24121 0.13747 0.94093 -0.30943
8244 -155.81 448.74 -77.725 0.2083 -0.33169 -0.9201 -0.9687 0.059909 -0.2409 0.13503 0.94149 -0.30883
8254 -156.45 445.81 -77.655 0.21249 -0.33113 -0.91935 -0.96781 0.058579 -0.24479 0.13491 0.94176 -0.30802
8264 -156.88 442.73 -77.639 0.21964 -0.33152 -0.91753 -0.96628 0.055619 -0.2514 0.13438 0.94181 -0.30812
8274 -157.47 439.56 -77.67 0.22561 -0.33115 -0.91621 -0.96491 0.053748 -0.25703 0.13436 0.94205 -0.3074
8284 83.951 479.74 111.93 -0.047815 -0.82391 0.5647 0.83146 -0.34612 -0.43459 0.55352 0.44875 0.7016
8294 83.204 477.94 111.93 -0.052184 -0.8219 0.56723 0.82997 -0.35157 -0.43306 0.55536 0.44819 0.7005
8304 -157.5 428.28 -77.366 0.25677 -0.33662 -0.90596 -0.95589 0.049855 -0.28945 0.1426 0.94032 -0.30897
8314 -157.88 426.32 -77.431 0.25948 -0.33745 -0.90487 -0.95601 0.042952 -0.29017 0.13678 0.94036 -0.31146
8324 -158.45 423.84 -77.354 0.26061 -0.33747 -0.90454 -0.95596 0.040826 -0.29066 0.13502 0.94045 -0.31197
8334 -161.25 425.22 -77.596 0.23965 -0.32946 -0.91325 -0.96379 0.032544 -0.26466 0.11692 0.94361 -0.30973
8344 -161.77 423.09 -77.591 0.24274 -0.32857 -0.91275 -0.96347 0.028072 -0.26633 0.11313 0.94406 -0.30976
8354 -162.48 421.8 -77.552 0.24252 -0.32703 -0.91336 -0.96457 0.019501 -0.2631 0.10385 0.94481 -0.31071
8364 -162.72 419.57 -77.314 0.24627 -0.32737 -0.91224 -0.96391 0.015474 -0.26577 0.10112 0.94477 -0.31174
8374 -162.6 416.36 -77.149 0.25301 -0.32893 -0.90983 -0.9619 0.015217 -0.27299 0.10364 0.94423 -0.31254
8384 -163.01 413.93 -77.038 0.25228 -0.32844 -0.91021 -0.9618 0.018206 -0.27315 0.10629 0.94435 -0.3113
8394 -163.16 411.47 -77.209 0.25387 -0.32832 -0.90981 -0.96105 0.020651 -0.27562 0.10928 0.94434 -0.31029
8403.9 -163.71 409.07 -77.316 0.25107 -0.326 -0.91142 -0.96144 0.025206 -0.27387 0.11225 0.94503 -0.3071
8413.9 -163.32 405.33 -77.305 0.25777 -0.32635 -0.90942 -0.95873 0.030485 -0.28269 0.11998 0.94476 -0.30502
8423.9 -163.65 403.35 -77.288 0.25407 -0.32397 -0.91131 -0.96005 0.029726 -0.27823 0.11723 0.9456 -0.30348
8433.9 -164.13 402.1 -77.195 0.24843 -0.32139 -0.91378 -0.96226 0.026326 -0.27087 0.11111 0.94658 -0.30272
8443.9 -60.195 535.8 -98.996 -0.03709 -0.87924 -0.47494 -0.8155 -0.24805 0.5229 -0.57756 0.40671 -0.70782
8453.9 -163.5 396.75 -77.103 0.2506 -0.32225 -0.91288 -0.9612 0.029522 -0.27428 0.11534 0.9462 -0.30234
8463.9 -163.42 394.18 -77.004 0.25134 -0.32091 -0.91315 -0.96061 0.032885 -0.27596 0.11859 0.94654 -0.3
8473.9 -162.32 389.76 -76.945 0.26175 -0.32286 -0.90953 -0.95647 0.039231 -0.28918 0.12905 0.94563 -0.29854
8483.9 -163.89 390.28 -76.917 0.2458 -0.31424 -0.91697 -0.96232 0.034385 -0.26974 0.11629 0.94872 -0.29395
8493.9 -163.09 387.11 -76.712 0.24999 -0.31479 -0.91565 -0.96091 0.035589 -0.27458 0.11902 0.94849 -0.29358
8503.9 -163.15 386.16 -76.72 0.24093 -0.31315 -0.91864 -0.96392 0.033173 -0.26412 0.11318 0.94913 -0.29385
8513.9 -161.88 382.05 -76.556 0.24638 -0.31637 -0.91608 -0.96136 0.03998 -0.27237 0.1228 0.94779 -0.2943
8523.9 -160.76 379.03 -76.769 0.24667 -0.3199 -0.91478 -0.96056 0.044348 -0.27452 0.12839 0.94641 -0.29634
8533.9 -160.52 377.27 -77.008 0.24321 -0.31864 -0.91614 -0.96191 0.042331 -0.27008 0.12484 0.94693 -0.29621
8543.9 -159.77 374.51 -76.934 0.24421 -0.31864 -0.91588 -0.96142 0.043743 -0.27157 0.1266 0.94687 -0.29567
8553.9 -159.28 372.51 -76.835 0.24034 -0.31782 -0.91718 -0.96276 0.042499 -0.26701 0.12384 0.9472 -0.29577
8563.9 -158.52 369.98 -76.756 0.23877 -0.31811 -0.91749 -0.96308 0.043462 -0.2657 0.1244 0.94705 -0.29599
8573.9 -157.93 368.28 -76.734 0.23351 -0.31835 -0.91876 -0.96448 0.044198 -0.26044 0.12352 0.94694 -0.29672
8583.9 -156.73 365.67 -77.07 0.23136 -0.32224 -0.91795 -0.96471 0.045954 -0.25927 0.12573 0.94554 -0.30023
8593.9 -156.01 363.06 -77.008 0.22631 -0.32392 -0.91862 -0.96517 0.052504 -0.2563 0.13125 0.94463 -0.30076
8603.9 -155.32 361.02 -77.15 0.22334 -0.32436 -0.91919 -0.96614 0.051362 -0.25287 0.12923 0.94454 -0.3019
8613.9 -154.13 358.51 -77.145 0.22535 -0.32648 -0.91795 -0.96569 0.049955 -0.25484 0.12906 0.94388 -0.30402
8623.9 -152.75 355.16 -76.957 0.22915 -0.3287 -0.91621 -0.96448 0.050428 -0.25931 0.13144 0.94309 -0.30546
8633.9 -152.16 352.99 -76.848 0.22352 -0.32819 -0.91778 -0.96601 0.050862 -0.25345 0.12986 0.94324 -0.30567
8643.9 -151.19 351.05 -76.956 0.2197 -0.32964 -0.91819 -0.96706 0.050471 -0.24951 0.12859 0.94276 -0.30769
8653.9 -149.25 346.98 -77.005 0.22605 -0.33444 -0.91491 -0.96451 0.054765 -0.25832 0.1365 0.94083 -0.31019
8663.9 -147.5 343.19 -77.09 0.22712 -0.33844 -0.91317 -0.96339 0.059081 -0.2615 0.14246 0.93913 -0.31264
8673.9 -146.37 340.44 -77.039 0.22544 -0.3387 -0.91349 -0.96354 0.061174 -0.26047 0.1441 0.9389 -0.31256
8683.9 -145.04 337.76 -77.02 0.22524 -0.33921 -0.91335 -0.9637 0.06036 -0.26008 0.14335 0.93877 -0.3133
8693.9 -144.24 336.3 -77.159 0.21748 -0.33758 -0.91583 -0.96624 0.058371 -0.25096 0.13818 0.93949 -0.31349
8703.9 -142.88 333.99 -77.262 0.21485 -0.33774 -0.91639 -0.96714 0.057056 -0.24777 0.13597 0.93951 -0.31439
8713.9 -139.44 329.91 -77.598 0.22003 -0.34634 -0.91194 -0.96481 0.060736 -0.25585 0.144 0.93614 -0.32079
8723.9 -138.02 327.48 -77.598 0.21595 -0.34675 -0.91276 -0.96584 0.061288 -0.25179 0.14325 0.93595 -0.32167
8733.9 -136.19 324.33 -77.376 0.21839 -0.34763 -0.91185 -0.96486 0.062985 -0.2551 0.14611 0.93551 -0.32166
8743.9 -134.52 321.64 -77.365 0.21701 -0.34835 -0.9119 -0.96499 0.064422 -0.25426 0.14732 0.93515 -0.32217
8753.9 -132.98 319.16 -77.441 0.21438 -0.34862 -0.91242 -0.96548 0.065853 -0.252 0.14794 0.93495 -0.32247
8763.9 -131.4 317.19 -77.502 0.20968 -0.34906 -0.91334 -0.96662 0.066703 -0.2474 0.14728 0.93472 -0.32342
8773.9 -129.49 314.78 -77.447 0.20729 -0.35017 -0.91346 -0.96681 0.069209 -0.24593 0.14934 0.93412 -0.32421
8783.9 -127.82 312.36 -77.327 0.20264 -0.3496 -0.91472 -0.96756 0.072416 -0.24202 0.15085 0.9341 -0.32359
8793.9 -125.9 310.57 -77.36 0.19689 -0.35014 -0.91577 -0.96887 0.07352 -0.23642 0.1501 0.93381 -0.32476
8803.9 -123.82 308.06 -77.25 0.19224 -0.35101 -0.91642 -0.96915 0.078858 -0.23351 0.15423 0.93304 -0.32503
8813.9 -121.74 306.34 -77.35 0.1853 -0.35191 -0.91751 -0.97058 0.080548 -0.22691 0.15376 0.93256 -0.32664
8823.9 -125.79 296.35 -75.861 0.13542 -0.32693 -0.9353 -0.97259 0.13624 -0.18844 0.18903 0.93518 -0.29951
8833.9 -122.79 296.03 -76.16 0.13623 -0.32991 -0.93413 -0.9739 0.12819 -0.1873 0.18153 0.93527 -0.30384
8843.9 -119.36 295.91 -76.518 0.13914 -0.33463 -0.93202 -0.97514 0.11763 -0.18781 0.17248 0.93498 -0.30994
8853.9 -113.13 299.27 -77.24 0.16429 -0.35122 -0.92176 -0.97483 0.084996 -0.20614 0.15075 0.93243 -0.32842
8863.9 -110.77 297.2 -77.283 0.16002 -0.35201 -0.92222 -0.97529 0.087782 -0.20273 0.15232 0.93187 -0.32926
8873.9 -109.11 294.98 -77.155 0.1506 -0.34904 -0.92493 -0.97638 0.094079 -0.19448 0.1549 0.93237 -0.32663
8883.9 -107.11 293.62 -77.176 0.14707 -0.34648 -0.92646 -0.9774 0.092886 -0.1899 0.15185 0.93345 -0.32499
8893.9 -105.36 292.69 -77.371 0.14105 -0.34482 -0.92801 -0.97866 0.092951 -0.18329 0.14946 0.93405 -0.32435
8903.9 -107.16 286.01 -76.728 0.10967 -0.32415 -0.93963 -0.97947 0.12561 -0.15765 0.16913 0.93763 -0.30372
8913.9 -100.67 289.15 -77.354 0.12982 -0.34199 -0.93069 -0.98011 0.097804 -0.17266 0.15007 0.9346 -0.32249
8923.9 -96.816 280.05 -76.174 0.16449 -0.34759 -0.92311 -0.96971 0.11432 -0.21584 0.18056 0.93065 -0.31825
8933.9 -96.303 285.63 -77.28 0.12243 -0.33864 -0.93292 -0.9806 0.10371 -0.16634 0.15308 0.93518 -0.31937
8943.9 -94.53 284.24 -77.209 0.11599 -0.33485 -0.93511 -0.98145 0.10603 -0.15971 0.15263 0.93629 -0.31634
8953.9 -104.78 270.97 -74.45 0.044367 -0.27877 -0.95933 -0.97663 0.19006 -0.1004 0.21032 0.94136 -0.26382
8963.9 -101.55 270.37 -74.621 0.04552 -0.28285 -0.95808 -0.977 0.18739 -0.10174 0.20832 0.94068 -0.26781
8973.9 -95.083 272.45 -75.816 0.060926 -0.30237 -0.95124 -0.97946 0.16541 -0.11531 0.19221 0.93873 -0.28608
8983.9 -91.432 272.34 -76.072 0.066258 -0.30824 -0.949 -0.97992 0.15917 -0.12012 0.18808 0.9379 -0.2915
8993.9 -91.344 269.71 -75.618 0.051227 -0.29891 -0.95291 -0.97952 0.17098 -0.10629 0.1947 0.93884 -0.28403
9003.9 -86.2 271.58 -76.409 0.062475 -0.31183 -0.94808 -0.98196 0.15067 -0.11426 0.17848 0.93812 -0.29679
9013.9 -86.27 268.36 -75.887 0.046003 -0.30273 -0.95196 -0.98104 0.16589 -0.10016 0.18825 0.93853 -0.28936
