3782.3 -27.779 945.48 -74.742 0.36285 -0.39433 -0.8443 -0.92442 -0.03817 -0.37945 0.1174 0.91817 -0.37838
3792.3 -28.058 945.86 -74.747 0.36003 -0.39397 -0.84567 -0.92578 -0.038777 -0.37607 0.11537 0.9183 -0.37869
3802.3 -27.666 945.23 -74.699 0.36238 -0.39567 -0.84387 -0.92445 -0.037357 -0.37946 0.11862 0.91763 -0.37932
3812.3 -27.413 944.78 -74.663 0.36527 -0.39665 -0.84217 -0.92308 -0.037279 -0.3828 0.12044 0.91721 -0.37976
3822.3 -28.174 945.89 -74.691 0.35949 -0.39483 -0.8455 -0.92601 -0.039057 -0.37548 0.11523 0.91792 -0.37966
3832.3 -28.13 945.82 -74.696 0.36042 -0.3954 -0.84484 -0.92562 -0.0395 -0.37639 0.11545 0.91766 -0.38023
3842.3 -28.135 945.79 -74.71 0.3607 -0.39593 -0.84447 -0.92551 -0.039837 -0.37663 0.11548 0.91741 -0.38081
3852.3 -28.208 945.97 -74.765 0.35995 -0.39649 -0.84453 -0.9259 -0.040597 -0.37557 0.11463 0.91714 -0.38172
3862.3 -28.178 945.74 -74.713 0.36116 -0.39703 -0.84376 -0.92527 -0.040049 -0.3772 0.11597 0.91693 -0.38183
3872.3 -28.217 945.56 -74.659 0.36122 -0.39755 -0.84349 -0.92505 -0.038803 -0.37785 0.11748 0.91676 -0.38177
3882.3 -28.137 945.69 -74.729 0.36129 -0.3984 -0.84306 -0.92502 -0.039219 -0.37788 0.11748 0.91637 -0.3827
3892.3 -28.27 945.82 -74.693 0.3605 -0.39857 -0.84331 -0.92529 -0.038637 -0.37728 0.11779 0.91632 -0.38272
3902.3 -27.971 945.31 -74.638 0.36271 -0.4 -0.84169 -0.92395 -0.0366 -0.38077 0.1215 0.91579 -0.38285
3912.3 -28.398 945.76 -74.562 0.35737 -0.40017 -0.84389 -0.92586 -0.033032 -0.37642 0.12276 0.91585 -0.38231
3922.3 -28.181 945 -74.325 0.3619 -0.40056 -0.84177 -0.92349 -0.030796 -0.38238 0.12725 0.91575 -0.38106
3932.3 -28.191 945.25 -74.346 0.36162 -0.40129 -0.84154 -0.92354 -0.030532 -0.38229 0.12772 0.91544 -0.38165
3942.3 -28.224 945.79 -74.484 0.35982 -0.4023 -0.84183 -0.92421 -0.029978 -0.38071 0.12792 0.91502 -0.3826
3952.3 -28.203 945.32 -74.278 0.3626 -0.40204 -0.84077 -0.92264 -0.02769 -0.38466 0.13137 0.91521 -0.38098
3962.3 -27.8 945.11 -74.307 0.36407 -0.40408 -0.83915 -0.92155 -0.025772 -0.38741 0.13492 0.91436 -0.38176
3972.3 -28.01 945.58 -74.31 0.36237 -0.40325 -0.84028 -0.92223 -0.024703 -0.38586 0.13484 0.91476 -0.38084
3982.3 -28.486 946.46 -74.381 0.35836 -0.4013 -0.84293 -0.92413 -0.024294 -0.38131 0.13254 0.91563 -0.37955
3992.3 -28.126 946.04 -74.225 0.36017 -0.40103 -0.84229 -0.92279 -0.020707 -0.38474 0.13685 0.91583 -0.37753
4002.3 -27.625 945.46 -74.133 0.36212 -0.40145 -0.84126 -0.92111 -0.015743 -0.38898 0.14291 0.91575 -0.37548
4012.3 -27.729 945.75 -74.073 0.35979 -0.39895 -0.84344 -0.9219 -0.012784 -0.38722 0.1437 0.91688 -0.37239
4022.3 -27.957 946.42 -74.038 0.3557 -0.39561 -0.84674 -0.92353 -0.009758 -0.3834 0.14341 0.91836 -0.36883
4032.3 -26.873 945.75 -73.983 0.36036 -0.39621 -0.84448 -0.92095 -0.007224 -0.3896 0.14827 0.91813 -0.3675
4042.3 -26.45 946.66 -74.066 0.35871 -0.39528 -0.84562 -0.92242 -0.011226 -0.38603 0.1431 0.91849 -0.36864
4052.3 -26.324 949.68 -74.484 0.35107 -0.39415 -0.84935 -0.92797 -0.025416 -0.37178 0.12495 0.9187 -0.37468
4062.3 -24.378 949.46 -74.449 0.35829 -0.40171 -0.84277 -0.92548 -0.033986 -0.37726 0.12291 0.91514 -0.38395
4072.3 -23.557 952.19 -74.576 0.35392 -0.40655 -0.8423 -0.92917 -0.050089 -0.36624 0.10671 0.91226 -0.39548
4082.3 -21.948 953.34 -74.471 0.35938 -0.41464 -0.83601 -0.92788 -0.063331 -0.36746 0.099422 0.90778 -0.4075
4092.3 -20.689 954.43 -74.362 0.36558 -0.41999 -0.83064 -0.92605 -0.074316 -0.37 0.093667 0.90448 -0.4161
4102.3 -19.227 955.46 -74.414 0.37354 -0.42607 -0.82397 -0.92333 -0.085484 -0.37437 0.089074 0.90064 -0.42534
4112.3 -17.55 956 -74.488 0.3836 -0.43206 -0.8162 -0.91935 -0.094958 -0.38181 0.087458 0.89683 -0.43364
4122.3 -16.126 957.02 -74.438 0.38905 -0.43653 -0.81122 -0.91737 -0.10313 -0.38445 0.084165 0.89376 -0.44058
4132.3 -15.363 958.17 -74.182 0.39298 -0.43734 -0.80889 -0.9161 -0.11015 -0.38551 0.079501 0.89252 -0.44394
4142.3 -13.625 958.45 -74.213 0.3954 -0.44056 -0.80596 -0.91488 -0.11098 -0.38816 0.081559 0.89084 -0.44694
4152.3 -12.1 956.82 -73.617 0.4036 -0.44025 -0.80205 -0.91034 -0.10548 -0.40019 0.09158 0.89166 -0.44335
4162.3 -12.293 958.87 -73.861 0.39135 -0.43368 -0.81164 -0.91635 -0.10262 -0.38701 0.084547 0.89521 -0.43756
4172.3 -11.734 959.1 -73.869 0.38624 -0.42735 -0.81742 -0.91848 -0.096639 -0.38347 0.084883 0.8989 -0.42984
4182.3 -10.905 959.75 -74.072 0.37917 -0.42128 -0.82386 -0.92167 -0.092897 -0.37668 0.082154 0.90216 -0.42351
4192.3 -10.311 959.9 -74.093 0.3712 -0.41444 -0.83094 -0.925 -0.086758 -0.36994 0.081228 0.90593 -0.41556
4202.3 -11.185 956.09 -74.082 0.3485 -0.4006 -0.84739 -0.93256 -0.057283 -0.35644 0.09425 0.91446 -0.39355
4212.3 -8.9744 958.95 -73.852 0.36038 -0.40087 -0.84228 -0.92896 -0.072328 -0.36305 0.084615 0.91327 -0.39846
4222.3 -8.1528 959.23 -73.961 0.35597 -0.39557 -0.84665 -0.93095 -0.07127 -0.35812 0.08132 0.91567 -0.39363
4232.3 -7.2848 959.33 -73.996 0.35213 -0.39068 -0.85052 -0.93253 -0.068851 -0.35446 0.079919 0.91795 -0.38856
4242.3 -6.1955 959.15 -74.042 0.35048 -0.38722 -0.85278 -0.9332 -0.067201 -0.35302 0.079388 0.91954 -0.3849
4252.3 -4.7529 959.42 -74.259 0.34799 -0.38591 -0.85438 -0.93427 -0.067177 -0.35019 0.077746 0.92009 -0.38392
4262.3 -3.1165 959.25 -74.372 0.34532 -0.38783 -0.8546 -0.93529 -0.06719 -0.34744 0.077328 0.91928 -0.38594
4272.3 -0.94236 959.34 -74.518 0.34321 -0.39412 -0.85257 -0.93624 -0.070822 -0.34415 0.075254 0.91633 -0.39329
4282.3 0.32579 958.55 -74.078 0.34337 -0.39421 -0.85246 -0.93617 -0.070853 -0.34433 0.07534 0.91628 -0.39338
4292.3 0.80483 958.23 -74.066 0.3474 -0.38651 -0.85436 -0.93501 -0.073557 -0.34691 0.071242 0.91935 -0.38694
4302.3 1.5758 957.92 -74.113 0.35281 -0.37966 -0.85521 -0.93324 -0.076615 -0.35099 0.067737 0.92195 -0.38135
4312.3 3.3154 955.41 -73.991 0.36874 -0.37515 -0.85047 -0.92667 -0.07661 -0.36799 0.072894 0.9238 -0.37589
4322.3 3.1839 957.41 -74.345 0.35488 -0.36706 -0.85984 -0.93312 -0.082228 -0.35002 0.057776 0.92656 -0.37169
4332.3 4.2304 956.69 -74.354 0.34916 -0.36434 -0.86333 -0.93529 -0.078931 -0.34496 0.057536 0.92792 -0.36832
4342.3 5.8195 956.72 -74.693 0.34035 -0.36549 -0.86636 -0.93879 -0.079921 -0.33509 0.053231 0.92738 -0.37032
4352.3 6.9181 955.49 -74.456 0.33088 -0.36659 -0.86956 -0.94204 -0.074051 -0.32724 0.055569 0.92743 -0.36984
4362.3 8.6946 954.28 -74.439 0.32326 -0.37126 -0.87044 -0.94441 -0.068319 -0.32159 0.059929 0.92601 -0.37271
4372.3 12.004 949.8 -74.189 0.33603 -0.38065 -0.8615 -0.9385 -0.058204 -0.34034 0.079408 0.92289 -0.3768
4382.3 13.841 948.6 -74.293 0.33314 -0.38594 -0.86027 -0.93914 -0.054727 -0.33914 0.083805 0.9209 -0.38068
4392.3 14.813 948.36 -74.376 0.32769 -0.38725 -0.86177 -0.94119 -0.05425 -0.33351 0.082401 0.92038 -0.38225
4402.3 15.107 949.82 -74.715 0.31721 -0.38442 -0.86695 -0.94563 -0.058972 -0.31985 0.07183 0.92127 -0.38222
4412.3 15.873 949.18 -74.717 0.31969 -0.3815 -0.86733 -0.94509 -0.062828 -0.32072 0.067859 0.92223 -0.38063
4422.3 16.454 947.74 -74.463 0.32239 -0.37814 -0.8678 -0.94417 -0.062655 -0.32346 0.067941 0.92363 -0.37723
4432.3 17.448 946.26 -74.415 0.32671 -0.37601 -0.86711 -0.94263 -0.062965 -0.32786 0.068683 0.92447 -0.37501
4442.3 18.259 944.88 -74.396 0.32635 -0.37426 -0.868 -0.94261 -0.060232 -0.32843 0.070637 0.92537 -0.37243
4452.3 19.215 943.55 -74.449 0.32356 -0.3734 -0.86942 -0.94343 -0.056919 -0.32666 0.072487 0.92592 -0.37069
4462.3 19.927 941.96 -74.448 0.3203 -0.37251 -0.87101 -0.94423 -0.051392 -0.32525 0.076393 0.92661 -0.36819
4472.3 21.311 940.44 -74.588 0.31688 -0.37393 -0.87164 -0.94501 -0.04616 -0.32376 0.080828 0.92631 -0.368
4482.2 21.543 937.85 -74.639 0.31013 -0.37255 -0.87466 -0.94653 -0.03501 -0.32071 0.088857 0.92735 -0.36349
4492.2 22.694 937.04 -74.748 0.31166 -0.37443 -0.87331 -0.946 -0.036016 -0.32216 0.089174 0.92656 -0.36544
4502.2 22.525 934.16 -74.552 0.30906 -0.37077 -0.87579 -0.94608 -0.025868 -0.32291 0.097067 0.92837 -0.35877
4512.2 24.327 935.27 -74.716 0.32202 -0.37357 -0.86992 -0.94285 -0.043414 -0.33037 0.08565 0.92659 -0.3662
4522.2 23.398 931.79 -74.379 0.31864 -0.36805 -0.8735 -0.94317 -0.031423 -0.33082 0.09431 0.92927 -0.35715
4532.2 23.962 930.24 -74.368 0.32262 -0.36817 -0.87199 -0.94167 -0.031595 -0.33506 0.095812 0.92922 -0.35689
4542.2 24.591 928.33 -74.385 0.32669 -0.36919 -0.87004 -0.93977 -0.02897 -0.34058 0.10053 0.9289 -0.35642
4552.2 25.252 926.68 -74.414 0.32794 -0.37087 -0.86886 -0.9389 -0.026171 -0.3432 0.10454 0.92832 -0.35679
4562.2 25.553 925.37 -74.563 0.32443 -0.37163 -0.86985 -0.93986 -0.022815 -0.3408 0.10681 0.9281 -0.35668
4572.2 26.386 923.53 -74.66 0.32842 -0.37322 -0.86766 -0.93821 -0.022809 -0.34531 0.10909 0.92746 -0.35766
4582.2 26.86 921.84 -74.638 0.32941 -0.37331 -0.86725 -0.93761 -0.021087 -0.34706 0.11127 0.92747 -0.35696
4592.2 27.377 920.33 -74.539 0.33123 -0.37319 -0.86661 -0.9368 -0.020402 -0.34927 0.11267 0.92753 -0.35636
4602.2 27.973 918.78 -74.453 0.33354 -0.37328 -0.86569 -0.93574 -0.019458 -0.35214 0.1146 0.92751 -0.35579
4612.2 28.606 917.3 -74.419 0.33542 -0.37358 -0.86483 -0.93483 -0.01837 -0.35463 0.1166 0.92742 -0.35539
4622.2 29.142 915.23 -74.386 0.33345 -0.37318 -0.86576 -0.93495 -0.012914 -0.35453 0.12113 0.92767 -0.35321
4632.2 30.964 915.48 -74.579 0.34177 -0.37796 -0.86043 -0.93241 -0.021916 -0.36074 0.11749 0.92556 -0.3599
4642.2 30.931 913.85 -74.67 0.33915 -0.37624 -0.86222 -0.93339 -0.020337 -0.35828 0.11726 0.9263 -0.35808
4652.2 32.062 912.95 -74.688 0.34076 -0.37893 -0.86041 -0.93316 -0.024936 -0.35859 0.11442 0.92509 -0.3621
4662.2 33.335 911.47 -74.49 0.34272 -0.38339 -0.85764 -0.93218 -0.025502 -0.36111 0.11657 0.92323 -0.36613
4672.2 34.867 910.02 -74.267 0.3448 -0.38865 -0.85443 -0.93071 -0.023238 -0.36502 0.12201 0.92109 -0.36974
4682.2 36.52 908.82 -74.327 0.34926 -0.39426 -0.85005 -0.92842 -0.022938 -0.37082 0.1267 0.91871 -0.37405
4692.2 38.164 908.13 -74.342 0.34977 -0.39919 -0.84753 -0.92793 -0.023182 -0.37203 0.12887 0.91657 -0.37853
4702.2 39.727 907.52 -74.343 0.35039 -0.4029 -0.84552 -0.92759 -0.024352 -0.3728 0.12961 0.91492 -0.38226
4712.2 41.284 906.94 -74.275 0.34984 -0.40555 -0.84448 -0.92775 -0.024949 -0.37236 0.12994 0.91373 -0.38498
4722.2 42.754 906.58 -74.378 0.34994 -0.4073 -0.84359 -0.92806 -0.028215 -0.37135 0.12745 0.91286 -0.38787
4732.2 46.017 902.96 -73.918 0.36492 -0.41367 -0.83409 -0.92008 -0.023192 -0.39103 0.14242 0.91013 -0.38908
4742.2 47.987 902.02 -73.826 0.36483 -0.41608 -0.83293 -0.91953 -0.020572 -0.39249 0.14617 0.9091 -0.3901
4752.2 48.262 904.77 -74.304 0.34597 -0.41351 -0.84221 -0.92869 -0.023129 -0.37014 0.13358 0.91021 -0.39202
4762.2 50.147 904.41 -74.366 0.34422 -0.41471 -0.84233 -0.92913 -0.021469 -0.36912 0.135 0.9097 -0.39271
4772.2 52.137 904.03 -74.397 0.34221 -0.41542 -0.8428 -0.92971 -0.019755 -0.36776 0.13613 0.90941 -0.39298
4782.2 54.795 903.52 -74.451 0.34007 -0.41842 -0.84219 -0.93024 -0.018352 -0.36651 0.1379 0.90807 -0.39547
4792.2 56.949 903.49 -74.478 0.33634 -0.42009 -0.84285 -0.93174 -0.018367 -0.36266 0.13687 0.9073 -0.39759
4802.2 59.311 903.74 -74.605 0.33392 -0.42239 -0.84266 -0.93306 -0.021234 -0.3591 0.13379 0.90617 -0.40121
4812.2 61.315 903.66 -74.59 0.33238 -0.42385 -0.84254 -0.93377 -0.022231 -0.35719 0.13266 0.90546 -0.40316
4822.2 63.759 903.77 -74.684 0.33051 -0.42675 -0.84181 -0.93465 -0.024076 -0.35475 0.13112 0.90405 -0.40682
4832.2 66.245 903.51 -74.702 0.32878 -0.42994 -0.84086 -0.93514 -0.023808 -0.35347 0.13195 0.90254 -0.40988
4842.2 68.702 903.6 -74.759 0.32727 -0.433 -0.83988 -0.93579 -0.025149 -0.35167 0.13115 0.90104 -0.41343
4852.2 71.343 903.32 -74.665 0.32444 -0.43575 -0.83956 -0.93649 -0.023058 -0.34994 0.13312 0.89977 -0.41555
4862.2 73.492 903.23 -74.64 0.32227 -0.43655 -0.83998 -0.93732 -0.022912 -0.34771 0.13255 0.89939 -0.41657
4872.2 75.71 903.32 -74.736 0.3206 -0.43741 -0.84018 -0.93805 -0.023552 -0.34569 0.13142 0.89896 -0.41786
4882.2 77.747 903.29 -74.839 0.3162 -0.43826 -0.8414 -0.93981 -0.023655 -0.34086 0.12948 0.89854 -0.41936
4892.2 79.82 902.99 -74.788 0.31225 -0.43927 -0.84235 -0.94105 -0.021571 -0.33758 0.13012 0.8981 -0.42011
4902.2 81.874 902.86 -74.783 0.30777 -0.44039 -0.84341 -0.94262 -0.020567 -0.33324 0.12941 0.89757 -0.42145
4912.2 83.712 902 -74.589 0.30451 -0.44138 -0.84407 -0.94336 -0.017237 -0.33132 0.13169 0.89716 -0.42163
4922.2 85.746 901.27 -74.473 0.29834 -0.44287 -0.84549 -0.94484 -0.01155 -0.32734 0.1352 0.89651 -0.42189
4932.2 87.95 900.78 -74.507 0.29435 -0.44523 -0.84565 -0.94601 -0.010069 -0.32398 0.13573 0.89536 -0.42416
4942.2 90.22 900.35 -74.632 0.29151 -0.4468 -0.84581 -0.94691 -0.009432 -0.32137 0.13561 0.89458 -0.42583
4952.2 91.66 899.54 -74.697 0.28964 -0.44322 -0.84833 -0.94729 -0.005926 -0.32033 0.13695 0.89639 -0.42157
4962.2 92.894 898.41 -74.711 0.28873 -0.43781 -0.85145 -0.94752 -0.003125 -0.3197 0.13731 0.89906 -0.41573
4972.2 93.449 898.34 -75 0.28701 -0.42779 -0.8571 -0.94927 -0.006962 -0.3144 0.12853 0.90385 -0.40808
4982.2 94.199 898.54 -75.352 0.28416 -0.41977 -0.862 -0.9513 -0.011392 -0.30805 0.11949 0.90756 -0.40257
4992.2 94.942 897.32 -75.022 0.28002 -0.41279 -0.86671 -0.95263 -0.007861 -0.30403 0.11869 0.91079 -0.39544
5002.2 95.937 896.15 -74.929 0.27471 -0.40899 -0.87021 -0.9541 -0.003671 -0.29947 0.11929 0.91253 -0.39122
5012.2 96.885 894.67 -74.875 0.26719 -0.40728 -0.87335 -0.95569 0.004199 -0.29434 0.12355 0.91329 -0.38811
5022.2 98.107 893.59 -75.13 0.2603 -0.40789 -0.87514 -0.95724 0.009506 -0.28915 0.12626 0.91298 -0.38797
5032.2 97.51 889.17 -74.952 0.23881 -0.40251 -0.88372 -0.96059 0.0354 -0.27571 0.14226 0.91473 -0.37819
5042.2 98.946 888.45 -75.229 0.23471 -0.4058 -0.88331 -0.96171 0.035327 -0.27177 0.14149 0.91328 -0.38197
5052.2 99.644 886.97 -75.345 0.22813 -0.40664 -0.88465 -0.96318 0.038485 -0.26607 0.14224 0.91278 -0.38289
5062.2 101.81 887.91 -75.61 0.23944 -0.41274 -0.87882 -0.96163 0.024035 -0.27329 0.13392 0.91053 -0.39114
5072.2 102.61 886.73 -75.698 0.23897 -0.41428 -0.87821 -0.96209 0.021381 -0.27188 0.13141 0.9099 -0.39347
5082.2 103.3 885.45 -75.777 0.23965 -0.41551 -0.87745 -0.96228 0.018258 -0.27146 0.12881 0.90941 -0.39546
5092.2 103.73 884.28 -75.899 0.24096 -0.41491 -0.87738 -0.96242 0.014519 -0.27118 0.12525 0.90975 -0.39582
5102.2 104.17 882.77 -75.969 0.24204 -0.41426 -0.87738 -0.96232 0.013036 -0.27163 0.12396 0.91006 -0.3955
5112.2 104.69 881.34 -76.108 0.24049 -0.41478 -0.87757 -0.96282 0.012673 -0.26985 0.12305 0.90983 -0.39631
5122.2 105.01 879.77 -76.306 0.23602 -0.41491 -0.87872 -0.96395 0.014339 -0.26569 0.12284 0.90975 -0.39656
5132.2 105.37 878.16 -76.534 0.23089 -0.41538 -0.87986 -0.96527 0.015845 -0.26078 0.12227 0.90951 -0.39729
5142.2 105.39 877 -76.998 0.22635 -0.41423 -0.88158 -0.96695 0.013495 -0.25461 0.11737 0.91007 -0.39748
5152.2 105.27 875.01 -77.113 0.22264 -0.41245 -0.88336 -0.96783 0.01544 -0.25114 0.11722 0.91085 -0.39574
5162.2 105.07 873.3 -77.19 0.22137 -0.41061 -0.88453 -0.9683 0.015048 -0.24932 0.11569 0.91169 -0.39426
5172.2 104.77 871.42 -77.228 0.22126 -0.40812 -0.88571 -0.96837 0.015437 -0.24902 0.1153 0.9128 -0.39179
5182.2 104.35 869.17 -77.113 0.22087 -0.40553 -0.887 -0.96815 0.018802 -0.24967 0.11793 0.91389 -0.38846
5192.2 103.92 867.99 -77.517 0.22093 -0.40259 -0.88832 -0.96873 0.014876 -0.24767 0.11292 0.91526 -0.38671
5202.2 103.29 866.2 -77.654 0.21871 -0.39942 -0.8903 -0.9693 0.016095 -0.24534 0.11232 0.91663 -0.38364
5212.2 102.59 864.33 -77.793 0.21586 -0.39666 -0.89222 -0.97003 0.017313 -0.24238 0.11159 0.9178 -0.38104
5222.2 101.76 862.68 -77.909 0.21324 -0.39371 -0.89416 -0.97087 0.016924 -0.23899 0.10923 0.91908 -0.37863
5232.2 100.77 861.04 -77.991 0.21153 -0.3906 -0.89593 -0.97155 0.015828 -0.23629 0.10648 0.92043 -0.37614
5242.2 99.734 859.33 -78.045 0.21126 -0.38777 -0.89722 -0.97186 0.014484 -0.2351 0.10416 0.92164 -0.3738
5252.2 98.586 857.59 -78.072 0.21214 -0.38504 -0.89819 -0.97191 0.012755 -0.23502 0.10195 0.92281 -0.37152
5262.2 97.415 855.3 -77.841 0.21357 -0.38289 -0.89877 -0.97136 0.01485 -0.23715 0.10415 0.92367 -0.36876
5272.2 96.167 853.64 -77.88 0.21441 -0.38126 -0.89926 -0.97136 0.013284 -0.23723 0.10239 0.92437 -0.36749
5282.2 94.96 852.05 -77.917 0.21571 -0.38054 -0.89925 -0.97127 0.011142 -0.23771 0.10048 0.9247 -0.36721
5292.2 93.916 850.54 -77.929 0.21874 -0.38087 -0.89838 -0.97081 0.007877 -0.23972 0.098376 0.9246 -0.36803
5302.2 96.628 854.53 -78.198 0.24189 -0.39658 -0.88556 -0.96739 -0.027947 -0.25173 0.075083 0.91758 -0.39041
5312.2 90.405 846.02 -77.828 0.21459 -0.37692 -0.90105 -0.9715 0.012714 -0.23669 0.10067 0.92616 -0.36345
5322.2 89.928 845.81 -78.105 0.22517 -0.3778 -0.89809 -0.96964 0.003387 -0.24453 0.095425 0.92588 -0.36557
5332.2 88.449 843.98 -78.121 0.22668 -0.37566 -0.89861 -0.96927 0.003554 -0.24599 0.095601 0.92675 -0.36331
5342.2 85.939 840.16 -77.804 0.21328 -0.37322 -0.90289 -0.97153 0.016535 -0.23633 0.10313 0.92759 -0.35907
5352.2 87.225 842.37 -78.653 0.22773 -0.38569 -0.89408 -0.97019 -0.0117 -0.24207 0.082902 0.92256 -0.37686
5362.2 86.936 841.15 -78.66 0.22743 -0.39428 -0.89041 -0.97073 -0.019346 -0.23938 0.077156 0.91879 -0.38714
5372.2 86.703 839.59 -78.499 0.23076 -0.40253 -0.88584 -0.97014 -0.025305 -0.24122 0.074684 0.91506 -0.39635
5382.2 86.798 837.89 -78.318 0.23775 -0.41145 -0.87988 -0.96844 -0.030658 -0.24734 0.074793 0.91092 -0.40575
5392.2 86.874 836.43 -78.327 0.24633 -0.41907 -0.8739 -0.96634 -0.037165 -0.25456 0.074199 0.90719 -0.41412
5402.2 86.947 834.66 -78.26 0.25357 -0.42583 -0.86854 -0.96423 -0.039565 -0.2621 0.077249 0.90394 -0.42063
5412.2 86.938 832.71 -78.249 0.2591 -0.43076 -0.86447 -0.96241 -0.039709 -0.26867 0.081407 0.90159 -0.42486
5422.2 87.192 831.2 -78.33 0.26205 -0.43634 -0.86078 -0.9615 -0.041529 -0.27166 0.082789 0.89882 -0.43042
5432.2 87.518 829.4 -78.353 0.26244 -0.4413 -0.85813 -0.96114 -0.040634 -0.27304 0.085626 0.89644 -0.43482
5442.2 87.895 827.49 -78.322 0.26155 -0.44517 -0.8564 -0.96107 -0.038241 -0.27364 0.089068 0.89463 -0.43784
5452.2 88.325 825.38 -78.358 0.25969 -0.44797 -0.8555 -0.96112 -0.033832 -0.27403 0.093814 0.89341 -0.43934
5462.2 88.82 823.06 -78.39 0.2578 -0.44926 -0.8554 -0.961 -0.027516 -0.27518 0.10009 0.89298 -0.43883
5472.2 89.451 820.97 -78.543 0.25567 -0.44949 -0.85591 -0.96106 -0.022141 -0.27545 0.10486 0.89301 -0.43765
5482.1 90.132 819.09 -78.713 0.25228 -0.44839 -0.8575 -0.96173 -0.018284 -0.27338 0.1069 0.89365 -0.43584
5492.1 90.851 817.45 -78.831 0.24705 -0.4463 -0.86011 -0.96326 -0.016628 -0.26805 0.10533 0.89473 -0.43401
5502.1 91.454 814.59 -78.474 0.23875 -0.44301 -0.86414 -0.96481 -0.00723 -0.26286 0.1102 0.89649 -0.42915
5512.1 91.856 812.06 -78.355 0.23052 -0.43897 -0.86843 -0.96656 -0.000271 -0.25643 0.11233 0.8985 -0.42435
5522.1 93.462 810.86 -78.674 0.22598 -0.43838 -0.86992 -0.96799 -0.000926 -0.25099 0.10922 0.89879 -0.42455
5532.1 94.672 808.26 -78.674 0.21963 -0.43665 -0.87241 -0.96876 0.007938 -0.24786 0.11515 0.8996 -0.42127
5542.1 96.22 805.95 -78.77 0.21287 -0.43659 -0.87411 -0.96971 0.015271 -0.24378 0.11978 0.89953 -0.42012
5552.1 97.707 803.53 -78.875 0.20417 -0.43628 -0.87634 -0.97095 0.023853 -0.23808 0.12477 0.8995 -0.41873
5562.1 99.674 800.85 -78.946 0.19681 -0.43782 -0.87726 -0.97172 0.031968 -0.23396 0.13048 0.8985 -0.41914
5572.1 101.38 798.3 -79.017 0.18744 -0.43894 -0.87875 -0.97294 0.040075 -0.22755 0.13509 0.89762 -0.41955
5582.1 102.91 796.16 -79.016 0.18022 -0.43858 -0.88044 -0.97422 0.04387 -0.22127 0.13567 0.89762 -0.41937
5592.1 104.24 793.26 -78.693 0.17233 -0.43753 -0.88253 -0.97497 0.051995 -0.21616 0.14047 0.8977 -0.41762
5602.1 105.77 790.72 -78.659 0.16779 -0.43773 -0.88331 -0.97544 0.055963 -0.21302 0.14268 0.89736 -0.41759
5612.1 107.51 788.81 -78.926 0.1636 -0.43999 -0.88297 -0.97636 0.055941 -0.20878 0.14125 0.89626 -0.42044
5622.1 109.25 786.34 -78.986 0.15926 -0.44329 -0.88212 -0.97665 0.059786 -0.20637 0.14422 0.89438 -0.42341
5632.1 111.03 784.24 -79.213 0.1546 -0.44741 -0.88086 -0.97748 0.060348 -0.20221 0.14363 0.89229 -0.42801
5642.1 112.57 781.72 -79.284 0.1493 -0.4511 -0.8799 -0.97802 0.063599 -0.19856 0.14553 0.8902 -0.43169
5652.1 114.05 779.44 -79.402 0.14578 -0.45435 -0.87882 -0.9786 0.06418 -0.19551 0.14523 0.88851 -0.43527
5662.1 115.21 777.13 -79.284 0.14274 -0.45577 -0.87858 -0.97907 0.065097 -0.19283 0.14508 0.88772 -0.43694
5672.1 116.18 774.96 -79.195 0.14035 -0.45605 -0.87882 -0.97967 0.064564 -0.18996 0.14337 0.88761 -0.43771
5682.1 117.06 772.66 -79.057 0.13777 -0.45591 -0.8793 -0.97995 0.06628 -0.18791 0.14395 0.88755 -0.43764
5692.1 112.52 763.68 -78.445 0.099037 -0.43354 -0.89567 -0.98022 0.11249 -0.16284 0.17135 0.89408 -0.41383
5702.1 113.5 761.8 -78.52 0.09797 -0.43289 -0.89611 -0.98 0.11474 -0.16257 0.1732 0.89412 -0.41299
5712.1 118.82 764.8 -78.858 0.1216 -0.45158 -0.88391 -0.98009 0.08622 -0.17888 0.15699 0.88806 -0.4321
5722.1 119.23 763.41 -79.25 0.11568 -0.44922 -0.8859 -0.9816 0.084706 -0.17113 0.15192 0.8894 -0.43116
5732.1 119.24 761.73 -79.205 0.11165 -0.44473 -0.88868 -0.98271 0.083503 -0.16525 0.1477 0.89176 -0.42772
5742.1 119.03 759.69 -79.062 0.10546 -0.44063 -0.89147 -0.98358 0.085825 -0.15878 0.14647 0.89358 -0.42434
5752.1 118.97 757.24 -78.824 0.099865 -0.43783 -0.8935 -0.98381 0.09085 -0.15448 0.14881 0.89446 -0.42167
5762.1 118.83 755.32 -78.768 0.095362 -0.43506 -0.89533 -0.98421 0.093497 -0.15026 0.14908 0.89553 -0.41928
5772.1 118.15 753.54 -78.711 0.092202 -0.42992 -0.89814 -0.9846 0.095195 -0.14665 0.14855 0.89783 -0.41452
5782.1 117.24 751.11 -78.465 0.088545 -0.42452 -0.90108 -0.98421 0.10194 -0.14474 0.1533 0.89966 -0.40879
5792.1 116.48 749.72 -78.798 0.085628 -0.42069 -0.90315 -0.98477 0.10192 -0.14084 0.1513 0.90146 -0.40556
5802.1 115.52 747.44 -78.634 0.081601 -0.4171 -0.90519 -0.9843 0.10889 -0.13891 0.1565 0.90231 -0.40167
5812.1 114.7 746.11 -78.691 0.077818 -0.41541 -0.9063 -0.98486 0.10922 -0.13463 0.15491 0.90305 -0.40062
5822.1 113.71 744.57 -78.589 0.073761 -0.41423 -0.90718 -0.98532 0.11014 -0.1304 0.15393 0.90348 -0.40003
5832.1 112.82 743.9 -78.749 0.071363 -0.41416 -0.9074 -0.9865 0.10515 -0.12557 0.14742 0.90411 -0.40106
5842.1 111.4 742.13 -78.513 0.069219 -0.41266 -0.90825 -0.98642 0.10762 -0.12407 0.14894 0.90451 -0.39961
5852.1 110.58 740.97 -78.38 0.071329 -0.41267 -0.90809 -0.98636 0.10621 -0.12574 0.14834 0.90467 -0.39946
5862.1 108.75 739.59 -78.272 0.069341 -0.40901 -0.90989 -0.98639 0.10818 -0.1238 0.14907 0.90609 -0.39595
5872.1 107.29 738.65 -78.372 0.070411 -0.40604 -0.91114 -0.98656 0.10666 -0.12377 0.14744 0.90761 -0.39308
5882.1 104.6 736.29 -78.255 0.062279 -0.39755 -0.91546 -0.98657 0.11426 -0.11674 0.15101 0.91044 -0.38509
5892.1 105.27 738.34 -78.679 0.077075 -0.40344 -0.91175 -0.98758 0.094664 -0.12537 0.13689 0.9101 -0.39113
5902.1 102.29 736.5 -78.716 0.069565 -0.39417 -0.9164 -0.9879 0.10044 -0.1182 0.13864 0.91353 -0.38241
5912.1 100.56 736 -78.804 0.068422 -0.3913 -0.91771 -0.98855 0.0974 -0.11523 0.13448 0.91509 -0.38016
5922.1 98.86 735.16 -78.67 0.067059 -0.38885 -0.91886 -0.9889 0.096463 -0.11299 0.13257 0.91624 -0.37807
5932.1 97.252 734.49 -78.527 0.067538 -0.387 -0.9196 -0.98915 0.094529 -0.11243 0.13044 0.91722 -0.37642
5942.1 95.7 733.91 -78.425 0.068056 -0.38527 -0.92029 -0.98943 0.092302 -0.11181 0.12802 0.91818 -0.37492
5952.1 101.62 741.03 -78.738 0.10978 -0.41434 -0.90348 -0.98948 0.04064 -0.13887 0.094257 0.90922 -0.40552
5962.1 99.818 740.62 -78.762 0.10938 -0.41109 -0.90501 -0.98979 0.038689 -0.1372 0.091416 0.91077 -0.40266
5972.1 89.875 731.53 -78.108 0.066337 -0.37333 -0.92532 -0.98976 0.09285 -0.10842 0.12639 0.92304 -0.36335
5982.1 95.129 738.54 -78.743 0.10627 -0.39873 -0.91089 -0.99006 0.042448 -0.13409 0.092129 0.91609 -0.39026
5992.1 85.977 730.75 -78.143 0.069355 -0.36381 -0.92889 -0.99015 0.088392 -0.10855 0.1216 0.92727 -0.3541
6002.1 84.122 730.28 -78.149 0.071013 -0.35967 -0.93037 -0.9903 0.086296 -0.10895 0.11947 0.92908 -0.35005
6012.1 82.158 729.85 -78.194 0.071285 -0.35579 -0.93184 -0.99061 0.083997 -0.10785 0.11664 0.93078 -0.34646
6022.1 80.419 729.38 -78.161 0.071705 -0.35308 -0.93284 -0.9908 0.08239 -0.10735 0.11476 0.93196 -0.34393
6032.1 78.706 728.77 -78.154 0.070966 -0.3511 -0.93364 -0.991 0.081676 -0.10604 0.11349 0.93277 -0.34215
6042.1 76.688 727.74 -78.023 0.068835 -0.34815 -0.93491 -0.99097 0.084241 -0.10433 0.11508 0.93365 -0.33921
6052.1 74.996 727.09 -77.975 0.068495 -0.34697 -0.93537 -0.99101 0.084373 -0.10387 0.11496 0.93407 -0.33807
6062.1 73.487 726.31 -77.936 0.069108 -0.3468 -0.93539 -0.9909 0.084712 -0.10462 0.11552 0.93411 -0.33779
6072.1 71.942 725.66 -77.892 0.070163 -0.34636 -0.93547 -0.99093 0.083537 -0.10525 0.1146 0.93437 -0.33736
6082.1 71.015 725 -77.578 0.071487 -0.34957 -0.93418 -0.99089 0.082307 -0.10663 0.11416 0.93329 -0.3405
6092.1 73.872 727.91 -77.824 0.089812 -0.36976 -0.92478 -0.99113 0.05818 -0.11952 0.097996 0.92731 -0.36125
6102.1 68.567 722.93 -77.493 0.069154 -0.35435 -0.93255 -0.99075 0.08502 -0.10577 0.11677 0.93124 -0.34519
6112.1 67.279 721.87 -77.282 0.066015 -0.35719 -0.9317 -0.99087 0.086494 -0.10337 0.11751 0.93002 -0.34822
6122.1 66.202 720.56 -77.078 0.06586 -0.35954 -0.9308 -0.99073 0.087536 -0.10391 0.11884 0.92902 -0.35044
6132.1 65.324 719.85 -77.003 0.067912 -0.36095 -0.93011 -0.99088 0.084382 -0.10509 0.11642 0.92876 -0.35192
6142.1 64.173 718.6 -76.81 0.068843 -0.36081 -0.9301 -0.99069 0.08507 -0.10633 0.11749 0.92875 -0.35159
6152.1 62.759 716.92 -76.55 0.06701 -0.35952 -0.93073 -0.99046 0.08864 -0.10555 0.12045 0.92892 -0.35014
6162.1 61.589 715.44 -76.336 0.065705 -0.3581 -0.93137 -0.99032 0.090984 -0.10485 0.12229 0.92924 -0.34866
6172.1 60.881 714.46 -76.267 0.065969 -0.35783 -0.93145 -0.99042 0.090013 -0.10473 0.12132 0.92944 -0.34847
6182.1 59.726 712.8 -76.045 0.064018 -0.35499 -0.93268 -0.99026 0.09316 -0.10343 0.1236 0.93022 -0.34557
6192.1 58.859 711.11 -75.8 0.062252 -0.3531 -0.93351 -0.99007 0.096288 -0.10244 0.12606 0.93062 -0.3436
6202.1 58.199 709.47 -75.592 0.059102 -0.35206 -0.93411 -0.99003 0.09921 -0.10003 0.12789 0.93071 -0.34268
6212.1 57.869 707.81 -75.407 0.055547 -0.35252 -0.93415 -0.99002 0.10194 -0.097339 0.12954 0.93024 -0.34334
6222.1 57.526 705.6 -75.074 0.049059 -0.35284 -0.9344 -0.98974 0.10849 -0.092932 0.13416 0.92937 -0.3439
6232.1 56.995 703.37 -74.763 0.040518 -0.35302 -0.93474 -0.98957 0.11524 -0.086416 0.13822 0.92849 -0.34467
6242.1 57.049 701.27 -74.624 0.034566 -0.35517 -0.93416 -0.98932 0.12031 -0.082348 0.14163 0.92703 -0.34722
6252.1 57.163 698.75 -74.39 0.028599 -0.35744 -0.9335 -0.9886 0.12796 -0.079284 0.14779 0.92513 -0.3497
6262.1 54.967 693.8 -73.928 0.006125 -0.34915 -0.93705 -0.98643 0.15163 -0.062944 0.16406 0.92472 -0.34348
6272.1 55.183 691.51 -73.879 0.000364 -0.35174 -0.9361 -0.98578 0.15717 -0.059439 0.16803 0.92281 -0.34669
6282.1 56.99 690.6 -74.136 0.002418 -0.3612 -0.93249 -0.9865 0.15183 -0.061368 0.16374 0.92005 -0.35595
6292.1 57.163 688.43 -74.035 -0.002245 -0.36311 -0.93174 -0.9862 0.15503 -0.05804 0.16553 0.91876 -0.35845
6302.1 58.267 687.01 -73.947 -0.002497 -0.36911 -0.92938 -0.9867 0.15197 -0.057704 0.16253 0.91688 -0.36458
6312.1 59.308 685.55 -73.765 -0.002498 -0.37422 -0.92734 -0.98706 0.14962 -0.057718 0.16034 0.91519 -0.36975
6322.1 59.719 684.28 -73.777 -0.002775 -0.37585 -0.92668 -0.98749 0.14714 -0.05672 0.15767 0.91492 -0.37156
6332.1 59.332 681.2 -73.156 -0.014876 -0.3743 -0.92719 -0.98642 0.15716 -0.047619 0.16354 0.91389 -0.37156
6342.1 59.844 679.93 -73.051 -0.015685 -0.37632 -0.92636 -0.98649 0.1569 -0.047035 0.16305 0.91311 -0.3737
6352.1 58.843 676.13 -72.193 -0.03203 -0.37207 -0.92765 -0.98411 0.17393 -0.035784 0.17466 0.91176 -0.37173
6362.1 58.401 673.45 -71.729 -0.043598 -0.37087 -0.92766 -0.98267 0.18339 -0.027133 0.18018 0.9104 -0.37244
6372.1 59.424 672.9 -71.697 -0.043596 -0.37732 -0.92505 -0.98329 0.18004 -0.027098 0.17677 0.90841 -0.37887
6382.1 59.396 670.65 -71.262 -0.051197 -0.37859 -0.92415 -0.98224 0.18636 -0.021931 0.18053 0.90661 -0.3814
6392.1 59.207 668.69 -71.001 -0.057848 -0.37964 -0.92332 -0.98155 0.19047 -0.016817 0.18225 0.90532 -0.38365
6402.1 58.753 666.81 -70.67 -0.062996 -0.37945 -0.92306 -0.98091 0.19404 -0.012823 0.18398 0.90463 -0.38443
6412.1 58.238 665.16 -70.485 -0.065999 -0.37966 -0.92277 -0.98076 0.19494 -0.010058 0.1837 0.90435 -0.38522
6422.1 57.545 663.73 -70.308 -0.068537 -0.37903 -0.92284 -0.98092 0.19427 -0.006941 0.18191 0.90476 -0.38511
6432.1 56.638 662.65 -70.149 -0.069635 -0.37825 -0.92308 -0.98188 0.18945 -0.003561 0.17623 0.90611 -0.38459
6442.1 55.573 661.45 -69.826 -0.069864 -0.3773 -0.92345 -0.98262 0.18564 -0.001509 0.172 0.90729 -0.38371
6452.1 54.576 660.3 -69.464 -0.070293 -0.37678 -0.92363 -0.98309 0.18314 0.00011 0.16911 0.90802 -0.38328
6462.1 53.201 659.43 -69.167 -0.07243 -0.37476 -0.92429 -0.98363 0.18018 0.004027 0.16503 0.90945 -0.38167
6472.1 51.527 657.98 -68.698 -0.074434 -0.37046 -0.92586 -0.98317 0.1826 0.005978 0.16685 0.91072 -0.37781
6482 49.62 656.62 -68.29 -0.078824 -0.36453 -0.92785 -0.98203 0.18848 0.00938 0.17146 0.91192 -0.37283
6492 55.354 661.36 -69.02 -0.048586 -0.39233 -0.91854 -0.98812 0.15315 -0.013147 0.14583 0.90699 -0.39511
6502 45.414 654.44 -67.989 -0.090478 -0.35105 -0.93197 -0.97965 0.19974 0.01987 0.17917 0.9148 -0.36198
6512 47.175 656.74 -68.523 -0.076586 -0.36286 -0.92869 -0.98333 0.18155 0.010157 0.16492 0.91399 -0.37072
6522 44.033 655.44 -68.285 -0.08594 -0.35426 -0.93119 -0.98199 0.18797 0.019116 0.16827 0.91606 -0.36403
6532 41.868 654.78 -67.956 -0.088055 -0.35184 -0.93191 -0.9818 0.18869 0.02153 0.16827 0.91685 -0.36205
6542 39.71 654.34 -67.767 -0.087456 -0.35064 -0.93242 -0.98224 0.18635 0.022051 0.16602 0.91778 -0.36071
6552 34.014 652.03 -67.483 -0.10122 -0.33316 -0.93742 -0.9797 0.19727 0.035676 0.17304 0.922 -0.34636
6562 31.527 650.82 -67.125 -0.099073 -0.33256 -0.93786 -0.97955 0.19844 0.033114 0.17509 0.92197 -0.34542
6572 29.285 650.68 -67.264 -0.096084 -0.33361 -0.9378 -0.98063 0.19329 0.031713 0.17068 0.92268 -0.34572
6582 27.063 650.17 -67.205 -0.092795 -0.33524 -0.93755 -0.98108 0.19146 0.028644 0.1699 0.92247 -0.34666
6592 28.113 651.81 -67.269 -0.076084 -0.35418 -0.93208 -0.98459 0.1743 0.014137 0.15745 0.91879 -0.36199
6602 22.779 649.48 -67.034 -0.087275 -0.34062 -0.93614 -0.98209 0.18694 0.023541 0.16698 0.92143 -0.35084
6612 31.724 657.13 -67.685 -0.035258 -0.39408 -0.9184 -0.99128 0.13051 -0.017946 0.12693 0.90976 -0.39525
6622 17.561 647.75 -66.505 -0.086838 -0.34078 -0.93612 -0.98119 0.1919 0.02116 0.17243 0.92035 -0.35103
6632 14.835 647.42 -66.428 -0.084409 -0.3394 -0.93685 -0.98139 0.19106 0.019206 0.17247 0.92104 -0.34921
6642 12.195 647.19 -66.576 -0.082017 -0.33791 -0.9376 -0.98206 0.18768 0.018267 0.16979 0.92228 -0.34724
6652 9.6375 646.85 -66.688 -0.078488 -0.33719 -0.93816 -0.98264 0.18485 0.015771 0.1681 0.92311 -0.34584
6662 7.126 646.46 -66.5 -0.075906 -0.3382 -0.93801 -0.98303 0.18296 0.013581 0.16703 0.92312 -0.34635
6672 4.7307 645.94 -66.557 -0.074341 -0.33886 -0.93789 -0.98335 0.18132 0.01243 0.16585 0.9232 -0.3467
6682 12.245 653.3 -67.716 -0.027134 -0.38438 -0.92278 -0.99174 0.12609 -0.023358 0.12533 0.91453 -0.38463
6692 9.2023 652.02 -67.544 -0.02818 -0.38245 -0.92355 -0.99137 0.12904 -0.023187 0.12804 0.91492 -0.38278
6702 -1.9967 644.19 -66.668 -0.067259 -0.34253 -0.9371 -0.98432 0.17629 0.006211 0.16307 0.92282 -0.34901
6712 -4.0383 643.43 -66.596 -0.061666 -0.34438 -0.9368 -0.98457 0.17498 0.000485 0.16376 0.92238 -0.34986
6722 -6.0504 642.98 -66.643 -0.05813 -0.34576 -0.93652 -0.98493 0.17293 -0.002711 0.16289 0.92225 -0.35061
6732 -8.0531 642.09 -66.614 -0.054712 -0.34582 -0.93671 -0.98502 0.17233 -0.006087 0.16353 0.92234 -0.35007
6742 -9.9689 641.4 -66.702 -0.053956 -0.3455 -0.93687 -0.98526 0.17094 -0.006296 0.16232 0.92272 -0.34963
6752 -4.2085 646.57 -67.481 -0.020385 -0.37939 -0.92501 -0.99106 0.12965 -0.031337 0.13182 0.9161 -0.37865
6762 -13.169 639.96 -66.605 -0.053701 -0.3466 -0.93647 -0.98579 0.16791 -0.005617 0.15919 0.92286 -0.35069
6772 -13.885 639.95 -66.803 -0.048337 -0.35024 -0.93541 -0.98708 0.15997 -0.00889 0.15275 0.9229 -0.35345
6782 -17.024 637.91 -66.496 -0.054776 -0.34224 -0.93801 -0.98595 0.167 -0.003356 0.1578 0.92465 -0.34658
6792 -19.019 636.71 -66.407 -0.055699 -0.33931 -0.93902 -0.98591 0.16726 -0.001959 0.15773 0.92568 -0.34385
6802 -20.658 635.76 -66.465 -0.053709 -0.33684 -0.94003 -0.98612 0.16601 -0.003143 0.15711 0.92681 -0.34108
6812 -22.156 634.62 -66.433 -0.054239 -0.33571 -0.9404 -0.98603 0.16652 -0.002572 0.15746 0.92713 -0.34005
6822 -23.371 633.46 -66.499 -0.05544 -0.3358 -0.9403 -0.98601 0.16669 -0.001393 0.1572 0.92707 -0.34035
6832 -24.935 631.56 -66.29 -0.058092 -0.33434 -0.94066 -0.98511 0.17191 -0.000266 0.1618 0.92664 -0.33935
6842 -25.969 630.23 -66.405 -0.059918 -0.33498 -0.94032 -0.98502 0.17246 0.001329 0.16172 0.92631 -0.3403
6852 -26.858 628.91 -66.372 -0.061304 -0.33621 -0.93979 -0.985 0.17254 0.002526 0.1613 0.92585 -0.34174
6862 -27.223 627.82 -66.453 -0.059533 -0.33907 -0.93888 -0.98561 0.169 0.001462 0.15818 0.92546 -0.34425
6872 -28.219 626.5 -66.28 -0.063088 -0.34008 -0.93828 -0.98584 0.16761 0.005536 0.15538 0.92534 -0.34584
6882 -28.668 625.87 -66.112 -0.06518 -0.34316 -0.93701 -0.98713 0.15958 0.010225 0.14602 0.92562 -0.34914
6892 -28.494 624.89 -65.704 -0.062808 -0.3482 -0.93531 -0.98829 0.15229 0.009673 0.13907 0.92497 -0.35369
6902 -28.805 623.28 -65.197 -0.064607 -0.35092 -0.93417 -0.98816 0.15305 0.010846 0.13917 0.92381 -0.35666
6912 -28.867 620.94 -64.714 -0.066207 -0.35383 -0.93296 -0.98703 0.16025 0.009267 0.14623 0.92148 -0.35985
6922 -28.806 618.66 -64.585 -0.070787 -0.35686 -0.93147 -0.98538 0.17007 0.009729 0.15494 0.91855 -0.36368
6932 -28.476 616.32 -64.602 -0.076551 -0.36101 -0.92941 -0.98343 0.18094 0.010718 0.1643 0.91484 -0.36888
6942 -28.892 613.96 -64.585 -0.086434 -0.36235 -0.92803 -0.9813 0.19176 0.016526 0.17197 0.9121 -0.37215
6952 -28.101 612.45 -64.771 -0.091252 -0.36781 -0.92541 -0.98096 0.19321 0.019937 0.17147 0.90961 -0.37843
6962 -27.824 610.72 -64.764 -0.096134 -0.37154 -0.92343 -0.98071 0.19398 0.024048 0.1702 0.90793 -0.38302
6972 -28.569 607.72 -64.404 -0.10778 -0.37031 -0.92263 -0.97875 0.20238 0.033109 0.17446 0.9066 -0.38425
6982 -28.985 605.62 -64.34 -0.11254 -0.36971 -0.92231 -0.97807 0.20492 0.037196 0.17525 0.90627 -0.38466
6992 -29.354 603.63 -64.331 -0.11616 -0.36865 -0.92228 -0.97758 0.20662 0.040535 0.17562 0.90631 -0.38438
7002 -30.777 600.64 -64.099 -0.12546 -0.36189 -0.92374 -0.97541 0.21506 0.04823 0.18121 0.90707 -0.37997
7012 -30.416 598.96 -64.107 -0.12753 -0.36337 -0.92288 -0.97526 0.21534 0.049984 0.18057 0.90642 -0.38184
7022 -29.838 597.26 -64.122 -0.1294 -0.36521 -0.92189 -0.9749 0.21674 0.050979 0.1812 0.90534 -0.38408
7032 -30.86 594.77 -64.08 -0.1403 -0.36048 -0.92216 -0.97246 0.22525 0.059895 0.18613 0.90516 -0.38215
7042 -28.255 595.48 -64.571 -0.12958 -0.37294 -0.91876 -0.97583 0.21239 0.051418 0.17596 0.90322 -0.39145
7052 -31.207 590.59 -63.987 -0.15191 -0.35903 -0.92088 -0.9693 0.23635 0.06775 0.19332 0.90291 -0.38391
7062 -30.924 589.03 -64.098 -0.15577 -0.36191 -0.91911 -0.96885 0.23734 0.070746 0.19254 0.90149 -0.3876
7072 -30.837 587.4 -64.226 -0.15961 -0.36414 -0.91757 -0.96849 0.23777 0.074108 0.19118 0.90048 -0.39061
7082 -29.378 586.59 -64.411 -0.15607 -0.37355 -0.91439 -0.97032 0.23111 0.071207 0.18472 0.89836 -0.39853
7092 -30.013 584.92 -64.475 -0.16074 -0.37368 -0.91352 -0.96982 0.2317 0.075874 0.18331 0.89815 -0.39965
7102 -31.108 582.59 -64.521 -0.16472 -0.3718 -0.91358 -0.96874 0.23519 0.07895 0.18551 0.89803 -0.39891
7112 -34.315 578.84 -64.338 -0.17658 -0.3601 -0.91605 -0.96413 0.25063 0.087327 0.19815 0.89862 -0.39144
7122 -36.01 576.63 -64.69 -0.18211 -0.35558 -0.91673 -0.96202 0.25727 0.091314 0.20337 0.89854 -0.38893
7132 -35.477 575.35 -65.255 -0.17724 -0.3617 -0.91529 -0.96312 0.25508 0.085697 0.20248 0.89672 -0.39357
7142 -35.627 574.1 -65.843 -0.17546 -0.36451 -0.91452 -0.96364 0.25374 0.083748 0.20152 0.89596 -0.39578
7152 -32.371 575.29 -66.451 -0.16079 -0.38541 -0.90863 -0.96953 0.23408 0.072277 0.18484 0.89256 -0.4113
7162 -31.791 575.02 -66.401 -0.15721 -0.39482 -0.90521 -0.97224 0.22271 0.071715 0.17328 0.89136 -0.41887
7172 -33.222 573.92 -66.367 -0.16015 -0.39462 -0.90478 -0.97285 0.21825 0.077013 0.16708 0.89255 -0.41886
7182 -36.368 571.79 -66.074 -0.16722 -0.3856 -0.90739 -0.97129 0.22242 0.084474 0.16924 0.89546 -0.41172
7192 -34.759 573.05 -66.329 -0.14976 -0.39685 -0.90558 -0.97633 0.20389 0.072105 0.15603 0.89495 -0.41799
7202 -35.87 572.81 -66.44 -0.14446 -0.39474 -0.90737 -0.97785 0.19731 0.069846 0.15146 0.89736 -0.4145
7212 -45.947 567.48 -65.894 -0.17754 -0.35195 -0.91903 -0.96822 0.22962 0.09911 0.17615 0.90742 -0.38153
7222 -40.097 572.01 -66.824 -0.146 -0.38216 -0.91249 -0.97872 0.19022 0.076934 0.14417 0.90431 -0.40181
7232 -50.814 566.39 -65.985 -0.18224 -0.33786 -0.92339 -0.96829 0.22489 0.10882 0.17089 0.91394 -0.36813
7242 -53.179 566.05 -66.067 -0.18395 -0.33316 -0.92475 -0.96864 0.22133 0.11294 0.16705 0.91652 -0.36343
7252 -55.505 565.88 -66.195 -0.18312 -0.32975 -0.92614 -0.96964 0.21591 0.11485 0.16209 0.91905 -0.35927
7262 -58.116 565.44 -66.172 -0.1821 -0.32569 -0.92777 -0.97 0.21404 0.11526 0.16104 0.92093 -0.3549
7272 -60.476 565.4 -66.277 -0.17877 -0.32402 -0.92901 -0.9712 0.2093 0.11388 0.15754 0.92261 -0.35211
7282 -62.536 565.33 -66.315 -0.17306 -0.32485 -0.9298 -0.97276 0.20418 0.10972 0.1542 0.92346 -0.35134
7292 -64.971 565.16 -66.34 -0.17234 -0.32507 -0.92985 -0.97336 0.20111 0.1101 0.15121 0.92406 -0.35107
7302 -67.163 564.95 -66.242 -0.16992 -0.32671 -0.92972 -0.97408 0.19862 0.10823 0.1493 0.92402 -0.35199
7312 -69.25 564.7 -66.21 -0.16604 -0.32891 -0.92965 -0.97501 0.1959 0.10483 0.14763 0.92382 -0.35322
7322 -71.209 564.62 -66.208 -0.1609 -0.33127 -0.92972 -0.97616 0.19243 0.10037 0.14566 0.9237 -0.35434
7332 -73.233 564.16 -66.063 -0.15678 -0.33259 -0.92995 -0.97673 0.19176 0.096086 0.14637 0.92337 -0.35491
7342 -75.25 563.55 -65.82 -0.1523 -0.33378 -0.93027 -0.97694 0.19336 0.090566 0.14964 0.92261 -0.35553
7352 -76.72 563.66 -65.868 -0.14836 -0.33699 -0.92975 -0.9779 0.19003 0.087172 0.1473 0.92213 -0.35773
7362 -78.456 563.37 -65.79 -0.14641 -0.33803 -0.92968 -0.97826 0.189 0.085339 0.14686 0.92196 -0.35835
7372 -70.782 569 -66.338 -0.1039 -0.38205 -0.91828 -0.98807 0.14518 0.051392 0.11368 0.91267 -0.39257
7382 -73.442 567.85 -66.26 -0.10535 -0.37699 -0.92021 -0.98759 0.14809 0.052394 0.11652 0.9143 -0.38791
7392 -74.761 567.93 -66.335 -0.10022 -0.3769 -0.92082 -0.98842 0.14371 0.04875 0.11395 0.91504 -0.38694
7402 -76.301 568.04 -66.515 -0.095689 -0.37518 -0.922 -0.9893 0.13836 0.046372 0.11017 0.91657 -0.3844
7412 -87.595 561.01 -65.67 -0.13402 -0.32806 -0.9351 -0.98026 0.18232 0.076532 0.14538 0.9269 -0.34602
7422 -82.395 564.86 -66.315 -0.10365 -0.35703 -0.92833 -0.98726 0.1502 0.052465 0.12071 0.92194 -0.36805
7432 -90.847 559.81 -65.778 -0.12993 -0.32288 -0.93748 -0.98095 0.17957 0.074115 0.14441 0.92925 -0.34006
7442 -91.678 559.46 -65.971 -0.12745 -0.32429 -0.93733 -0.98173 0.17588 0.072632 0.14131 0.92946 -0.34078
7452 -92.872 558.4 -65.933 -0.12611 -0.32455 -0.93742 -0.98174 0.17648 0.070973 0.1424 0.92926 -0.34088
7462 -94.051 557.32 -65.992 -0.12643 -0.32542 -0.93708 -0.98172 0.17657 0.071132 0.14231 0.92894 -0.34179
7472 -95.136 555.75 -65.938 -0.12419 -0.32623 -0.9371 -0.98164 0.17819 0.068061 0.14477 0.92834 -0.34237
7481.9 -96.065 554.42 -66.027 -0.12149 -0.32778 -0.93691 -0.98176 0.17877 0.064756 0.14627 0.92769 -0.34352
7491.9 -97.145 552.75 -66.137 -0.11859 -0.32794 -0.93723 -0.98165 0.18065 0.060997 0.14931 0.92727 -0.34335
7501.9 -98.314 551.06 -66.344 -0.11599 -0.32671 -0.93798 -0.98147 0.1827 0.057732 0.15251 0.9273 -0.34184
7511.9 -99.158 549.75 -66.723 -0.11256 -0.32688 -0.93834 -0.98193 0.18115 0.054688 0.1521 0.92754 -0.34136
7521.9 -100.75 547.83 -66.747 -0.11385 -0.32409 -0.93915 -0.9814 0.18376 0.055561 0.15457 0.92801 -0.33898
7531.9 -101.64 546.28 -66.858 -0.11289 -0.32418 -0.93923 -0.98186 0.1813 0.055442 0.15231 0.92846 -0.33877
