988.44 -0.64117 791.64 -91.683 0.20526 -0.48361 -0.85087 -0.85156 -0.51677 0.088293 -0.48241 0.70645 -0.5179
998.44 -82.379 664.35 -64.915 -0.60586 -0.29022 -0.74074 -0.7709 0.4442 0.4565 0.19656 0.84762 -0.49286
1008.4 -226.92 704.76 92.862 -0.17906 0.84071 -0.51103 -0.043771 0.5121 0.85781 0.98286 0.17596 -0.054896
1018.4 -11.804 708.6 -78.241 0.20125 -0.39861 -0.89477 -0.96798 0.058998 -0.244 0.15005 0.91522 -0.37397
1028.4 -11.782 708.66 -78.209 0.20127 -0.3979 -0.89508 -0.96771 0.060815 -0.24464 0.15177 0.91541 -0.37281
1038.4 -11.681 708.69 -78.18 0.20084 -0.39722 -0.89548 -0.96744 0.063309 -0.24507 0.15404 0.91554 -0.37157
1048.4 -11.584 708.76 -78.192 0.20021 -0.39645 -0.89596 -0.96729 0.0654 -0.24509 0.15576 0.91572 -0.37039
1058.4 -11.689 708.95 -78.169 0.19867 -0.39497 -0.89696 -0.96732 0.068086 -0.24424 0.15754 0.91617 -0.36853
1068.4 -11.565 709.26 -78.196 0.19725 -0.39437 -0.89753 -0.96741 0.069966 -0.24335 0.15877 0.91629 -0.36772
1078.4 -11.572 709.45 -78.219 0.19651 -0.39305 -0.89827 -0.96733 0.071939 -0.2431 0.16017 0.9167 -0.36608
1088.4 -11.469 709.43 -78.141 0.19489 -0.39251 -0.89886 -0.96718 0.075419 -0.24264 0.16303 0.91665 -0.36493
1098.4 -11.367 709.4 -78.108 0.19438 -0.39189 -0.89924 -0.9668 0.078488 -0.24318 0.16588 0.91666 -0.36362
1108.4 -11.405 709.69 -78.102 0.19238 -0.39093 -0.90009 -0.96704 0.080403 -0.24161 0.16682 0.9169 -0.36258
1118.4 -12.143 710.75 -78.117 0.18618 -0.38781 -0.90274 -0.96868 0.081201 -0.23466 0.16431 0.91816 -0.36054
1128.4 -11.355 709.93 -78.092 0.1893 -0.38962 -0.90131 -0.96707 0.085051 -0.23988 0.17012 0.91704 -0.36069
1138.4 -11.252 710.05 -78.08 0.18834 -0.38923 -0.90168 -0.96702 0.0868 -0.23946 0.17147 0.91704 -0.36004
1148.4 -11.267 710.36 -78.202 0.18658 -0.38861 -0.90231 -0.96739 0.087495 -0.23772 0.17133 0.91724 -0.35962
1158.4 -11.159 710.28 -78.147 0.18574 -0.3884 -0.90258 -0.96719 0.089764 -0.23767 0.17333 0.91711 -0.35898
1168.4 -11.153 710.48 -78.192 0.184 -0.38788 -0.90316 -0.96758 0.090267 -0.23589 0.17302 0.91728 -0.3587
1178.4 -11.167 710.42 -78.159 0.18248 -0.38726 -0.90373 -0.96766 0.092081 -0.23485 0.17416 0.91736 -0.35794
1188.4 -11.181 710.4 -78.16 0.18058 -0.38676 -0.90433 -0.96799 0.093072 -0.2331 0.17432 0.91747 -0.35757
1198.4 -11.114 710.39 -78.148 0.17921 -0.38678 -0.90459 -0.96816 0.094034 -0.23201 0.1748 0.91736 -0.35762
1208.4 -11.132 710.8 -78.328 0.17667 -0.38669 -0.90513 -0.96919 0.092018 -0.22848 0.17164 0.91761 -0.35852
1218.4 -11.44 710.43 -78.192 0.17588 -0.38631 -0.90545 -0.96906 0.093841 -0.22827 0.17315 0.91758 -0.35785
1228.4 -11.122 710.45 -78.239 0.17439 -0.38698 -0.90545 -0.96941 0.093835 -0.22681 0.17274 0.9173 -0.35878
1238.4 -11.207 710.45 -78.211 0.17285 -0.38704 -0.90572 -0.96982 0.093681 -0.22512 0.17198 0.91729 -0.35916
1248.4 -11.208 710.59 -78.315 0.1719 -0.38788 -0.90554 -0.97039 0.091686 -0.22349 0.16971 0.91714 -0.36063
1258.4 -11.241 710.58 -78.322 0.17212 -0.38838 -0.90528 -0.97055 0.090384 -0.22331 0.16855 0.91705 -0.36139
1268.4 -11.836 710.74 -78.268 0.16805 -0.38782 -0.90629 -0.97149 0.090819 -0.219 0.16724 0.91725 -0.3615
1278.4 -12.023 711.15 -78.327 0.16623 -0.38816 -0.90648 -0.9724 0.088109 -0.21604 0.16373 0.91737 -0.3628
1288.4 -11.54 709.77 -78.205 0.17193 -0.39132 -0.90405 -0.97057 0.089817 -0.22346 0.16864 0.91586 -0.36436
1298.4 -11.469 710.22 -78.353 0.17142 -0.39211 -0.90381 -0.97139 0.085766 -0.22145 0.16435 0.91591 -0.36619
1308.4 -11.568 710.11 -78.325 0.17105 -0.39314 -0.90343 -0.97159 0.084951 -0.22092 0.1636 0.91555 -0.36744
1318.4 -12.726 711.81 -78.497 0.16092 -0.39067 -0.90636 -0.97472 0.08134 -0.20811 0.15503 0.91693 -0.3677
1328.4 -12.136 710.11 -78.276 0.16916 -0.39409 -0.90337 -0.97229 0.08334 -0.21842 0.16137 0.91528 -0.36908
1338.4 -12.106 709.74 -78.248 0.17107 -0.39529 -0.90248 -0.97189 0.082702 -0.22045 0.16178 0.91482 -0.37003
1348.4 -12.723 711.2 -78.428 0.16526 -0.39373 -0.90425 -0.97425 0.077447 -0.21177 0.15341 0.91596 -0.37079
1358.4 -12.412 710.4 -78.355 0.16903 -0.39569 -0.9027 -0.97316 0.078098 -0.21646 0.15615 0.91506 -0.37187
1368.4 -12.427 710.16 -78.342 0.17034 -0.39612 -0.90226 -0.97294 0.077477 -0.2177 0.15614 0.91492 -0.37221
1378.4 -12.204 709.85 -78.311 0.1726 -0.39725 -0.90133 -0.97248 0.076637 -0.22001 0.15647 0.9145 -0.37309
1388.4 -12.423 709.9 -78.291 0.17158 -0.39639 -0.90191 -0.97285 0.076155 -0.21855 0.15532 0.91492 -0.37256
1398.4 -12.889 711.06 -78.404 0.16544 -0.39462 -0.90383 -0.97472 0.074134 -0.21079 0.15018 0.91585 -0.37237
1408.4 -12.061 709.1 -78.228 0.1749 -0.39757 -0.90075 -0.97182 0.077125 -0.22274 0.15803 0.91432 -0.37288
1418.4 -12.001 709.3 -78.218 0.17356 -0.39694 -0.90128 -0.97225 0.07668 -0.221 0.15684 0.91463 -0.37262
1428.4 -12.293 709.37 -78.206 0.17315 -0.39597 -0.90179 -0.97236 0.076913 -0.22047 0.15666 0.91504 -0.3717
1438.4 -12.041 709.01 -78.183 0.17652 -0.39625 -0.90102 -0.9716 0.076391 -0.22394 0.15757 0.91496 -0.37151
1448.4 -12.506 710.32 -78.305 0.17124 -0.39371 -0.90315 -0.97352 0.073287 -0.21653 0.15144 0.91631 -0.37073
1458.4 -11.65 709.28 -78.256 0.17911 -0.39525 -0.90094 -0.97142 0.073965 -0.22557 0.15579 0.91559 -0.3707
1468.4 -11.67 709.18 -78.213 0.17977 -0.39404 -0.90134 -0.97131 0.073919 -0.22605 0.1557 0.91611 -0.36945
1478.4 -11.524 709.26 -78.265 0.18026 -0.39369 -0.9014 -0.97128 0.073422 -0.22631 0.15528 0.91631 -0.36915
1488.4 -11.616 709.27 -78.227 0.17852 -0.39242 -0.90229 -0.97164 0.074216 -0.22452 0.15507 0.91679 -0.36804
1498.4 -11.535 708.36 -78.049 0.18323 -0.39179 -0.90163 -0.97018 0.075977 -0.23018 0.15868 0.91691 -0.36618
1508.4 -11.691 709.05 -78.171 0.17774 -0.3902 -0.90341 -0.97166 0.07579 -0.22391 0.15584 0.91761 -0.36567
1518.4 -11.949 709.78 -78.185 0.1737 -0.38818 -0.90507 -0.97289 0.074856 -0.21882 0.15269 0.91854 -0.36465
1528.4 -11.162 708.4 -78.097 0.18059 -0.39051 -0.90271 -0.97063 0.077539 -0.22773 0.15893 0.91733 -0.36504
1538.4 -11.635 709.35 -78.209 0.17469 -0.38821 -0.90486 -0.97236 0.076576 -0.22057 0.15492 0.91838 -0.36411
1548.4 -11.533 709.39 -78.2 0.17447 -0.38834 -0.90485 -0.97235 0.076914 -0.2205 0.15522 0.9183 -0.36418
1558.4 -11.57 709.49 -78.192 0.17396 -0.38791 -0.90513 -0.97242 0.077346 -0.22004 0.15536 0.91845 -0.36375
1568.4 -11.674 709.73 -78.208 0.17345 -0.38728 -0.9055 -0.97262 0.077021 -0.21925 0.15465 0.91874 -0.36332
1578.4 -12.007 710.31 -78.223 0.17128 -0.38564 -0.90661 -0.9733 0.076488 -0.21641 0.1528 0.91947 -0.36225
1588.4 -11.166 708.8 -78.083 0.18084 -0.38822 -0.90365 -0.97054 0.078328 -0.22787 0.15925 0.91823 -0.36262
1598.4 -11.663 710.29 -78.225 0.17488 -0.38595 -0.90579 -0.97262 0.075299 -0.21987 0.15306 0.91944 -0.36221
1608.4 -11.077 709.72 -78.211 0.17846 -0.38671 -0.90477 -0.97164 0.075695 -0.22401 0.15511 0.91909 -0.36223
1618.4 -10.943 709.81 -78.213 0.1773 -0.38653 -0.90507 -0.97188 0.076066 -0.22287 0.15499 0.91913 -0.36218
1628.4 -10.707 708.69 -78.001 0.18169 -0.38713 -0.90395 -0.97027 0.078876 -0.2288 0.15987 0.91865 -0.36129
1638.4 -12.026 711.86 -78.267 0.16448 -0.381 -0.90983 -0.97554 0.073526 -0.20715 0.14582 0.92165 -0.35959
1648.4 -10.6 710.1 -78.211 0.17438 -0.38463 -0.90645 -0.97269 0.075915 -0.21934 0.15318 0.91995 -0.36089
1658.4 -10.445 710.36 -78.232 0.17347 -0.38382 -0.90697 -0.9731 0.074986 -0.21785 0.15163 0.92036 -0.36049
1668.4 -10.312 710.29 -78.152 0.17295 -0.38289 -0.90746 -0.9731 0.075973 -0.21752 0.15223 0.92066 -0.35945
1678.4 -10.01 710.59 -78.182 0.17401 -0.38285 -0.90727 -0.97327 0.0734 -0.21764 0.14992 0.92089 -0.35984
1688.4 -9.6876 710.95 -78.224 0.17429 -0.38307 -0.90713 -0.97366 0.07046 -0.21683 0.14698 0.92103 -0.3607
1698.4 -9.2633 711.16 -78.232 0.17481 -0.38401 -0.90663 -0.97394 0.067691 -0.21646 0.14449 0.92085 -0.36217
1708.4 -8.5242 711.51 -78.242 0.17707 -0.38589 -0.90539 -0.97403 0.06322 -0.21743 0.14114 0.92038 -0.36467
1718.4 -7.2144 709.24 -77.948 0.18995 -0.39053 -0.90078 -0.97038 0.064824 -0.23273 0.14928 0.91831 -0.36665
1728.4 -7.5155 712.2 -78.247 0.17718 -0.38788 -0.90452 -0.97491 0.056685 -0.21528 0.13478 0.91996 -0.36811
1738.4 -6.996 712.66 -78.297 0.17709 -0.38836 -0.90433 -0.97542 0.053207 -0.21385 0.13117 0.91997 -0.36939
1748.4 -6.4294 712.96 -78.316 0.17705 -0.38876 -0.90417 -0.97574 0.050888 -0.21295 0.1288 0.91993 -0.37032
1758.4 -6.7332 712.08 -78.233 0.16819 -0.38501 -0.90746 -0.97691 0.057943 -0.20565 0.13176 0.92109 -0.36638
1768.4 -5.9182 712.66 -78.269 0.17022 -0.38534 -0.90694 -0.97685 0.055041 -0.20673 0.12958 0.92113 -0.36705
1778.4 -5.4359 713.08 -78.353 0.16951 -0.38427 -0.90753 -0.97725 0.053572 -0.20522 0.12748 0.92166 -0.36645
1788.4 -3.0531 715.32 -78.48 0.18139 -0.38992 -0.90281 -0.97621 0.039481 -0.21319 0.11877 0.92 -0.37348
1798.4 -2.3972 715.77 -78.453 0.18124 -0.3892 -0.90315 -0.9764 0.03849 -0.21252 0.11748 0.92035 -0.37303
1808.4 -1.5878 716.7 -78.544 0.18151 -0.38929 -0.90305 -0.97683 0.034496 -0.21121 0.11338 0.92047 -0.37401
1818.4 -2.0494 715.5 -78.368 0.17394 -0.38481 -0.90646 -0.97768 0.042653 -0.20572 0.11783 0.92201 -0.3688
1828.4 -1.2334 716.98 -78.685 0.17483 -0.38486 -0.90627 -0.97851 0.034253 -0.20332 0.10929 0.92234 -0.3706
1838.4 -0.80582 717.27 -78.687 0.17434 -0.38386 -0.90678 -0.97882 0.032782 -0.20207 0.10729 0.92281 -0.37002
1848.4 0.19791 718.18 -78.718 0.1777 -0.38496 -0.90567 -0.97863 0.027626 -0.20376 0.10346 0.92252 -0.37182
1858.4 0.86494 718.64 -78.793 0.17885 -0.38444 -0.90566 -0.9787 0.024824 -0.20381 0.10083 0.92282 -0.37181
1868.4 -0.95354 716.5 -78.432 0.16462 -0.3757 -0.912 -0.98027 0.040253 -0.19353 0.10942 0.92587 -0.36167
1878.4 0.96394 718.11 -78.683 0.17271 -0.37911 -0.90909 -0.97964 0.029819 -0.19855 0.10238 0.92487 -0.36624
1888.4 0.12804 717.05 -78.413 0.16435 -0.37435 -0.91261 -0.9806 0.038158 -0.19225 0.10679 0.9265 -0.36082
1898.4 0.74744 717.5 -78.446 0.16403 -0.37448 -0.91261 -0.98091 0.036007 -0.19108 0.10442 0.92654 -0.36143
1908.4 1.3919 717.79 -78.427 0.16452 -0.37469 -0.91244 -0.98096 0.034615 -0.19109 0.10318 0.9265 -0.36186
1918.4 2.1506 718.16 -78.517 0.16453 -0.37584 -0.91196 -0.98119 0.032304 -0.19034 0.101 0.92612 -0.36346
1928.3 2.0882 718.91 -78.355 0.16346 -0.37319 -0.91324 -0.98169 0.030214 -0.18806 0.097773 0.92726 -0.36142
1938.3 3.3861 718.47 -78.481 0.16471 -0.37609 -0.91183 -0.98112 0.032521 -0.19064 0.10135 0.92601 -0.36364
1948.3 4.0581 718.78 -78.484 0.16512 -0.37587 -0.91184 -0.98111 0.031921 -0.19082 0.10083 0.92612 -0.3635
1958.3 4.7987 719.18 -78.569 0.16521 -0.37546 -0.912 -0.98124 0.030563 -0.19033 0.099336 0.92633 -0.36337
1968.3 5.4012 718.21 -78.319 0.16981 -0.37545 -0.91115 -0.98003 0.032731 -0.19613 0.10346 0.92626 -0.3624
1978.3 6.1005 718.23 -78.292 0.16809 -0.37605 -0.91122 -0.9803 0.033534 -0.19467 0.10376 0.92599 -0.363
1988.3 6.8736 719.3 -78.542 0.16121 -0.37631 -0.91236 -0.98186 0.032361 -0.18684 0.099835 0.92593 -0.36426
1998.3 7.8281 719.36 -78.537 0.16062 -0.37736 -0.91203 -0.98192 0.03271 -0.18646 0.1002 0.92549 -0.36528
2008.3 9.6064 720.81 -78.73 0.16862 -0.38084 -0.90913 -0.98113 0.02363 -0.19188 0.094559 0.92434 -0.36968
2018.3 9.7307 720.09 -78.617 0.16594 -0.37848 -0.91062 -0.98124 0.028549 -0.19067 0.098161 0.92517 -0.36664
2028.3 11.115 720.76 -78.682 0.16998 -0.38155 -0.90858 -0.98078 0.024106 -0.19361 0.095776 0.92403 -0.37012
2038.3 11.164 719.64 -78.597 0.16494 -0.37978 -0.91025 -0.98114 0.031147 -0.19079 0.10081 0.92455 -0.36748
2048.3 11.465 718.81 -78.551 0.16052 -0.37903 -0.91136 -0.98146 0.036701 -0.18813 0.10476 0.92466 -0.36611
2058.3 11.297 717.26 -78.455 0.15358 -0.37616 -0.91374 -0.98186 0.045952 -0.18395 0.11118 0.92542 -0.36228
2068.3 12.986 717.95 -78.525 0.15672 -0.38135 -0.91105 -0.98165 0.041341 -0.18617 0.10866 0.92351 -0.36787
2078.3 14.541 718.62 -78.7 0.16019 -0.38545 -0.90872 -0.98136 0.036859 -0.18863 0.1062 0.92199 -0.37236
2088.3 14.922 717.44 -78.565 0.15675 -0.38494 -0.90953 -0.98132 0.0433 -0.18745 0.11154 0.92193 -0.37096
2098.3 15.248 716.53 -78.583 0.15324 -0.38412 -0.91048 -0.98155 0.047455 -0.18522 0.11436 0.92206 -0.36977
2108.3 15.664 715.92 -78.546 0.15208 -0.38516 -0.91023 -0.98155 0.0491 -0.18477 0.11586 0.92154 -0.37059
2118.3 16.426 715.2 -78.512 0.1521 -0.38624 -0.90977 -0.98131 0.050769 -0.18561 0.11788 0.921 -0.3713
2128.3 17.141 714.69 -78.541 0.15158 -0.38708 -0.9095 -0.98134 0.051201 -0.18534 0.11831 0.92062 -0.3721
2138.3 17.764 713.93 -78.509 0.15059 -0.38774 -0.90938 -0.98126 0.053256 -0.1852 0.12024 0.92023 -0.37245
2148.3 18.439 713.27 -78.555 0.1503 -0.3884 -0.90915 -0.98119 0.054106 -0.18532 0.12117 0.9199 -0.37296
2158.3 19.122 712.77 -78.726 0.15241 -0.38813 -0.90892 -0.98098 0.052428 -0.18688 0.12019 0.92011 -0.37276
2168.3 20.143 708.85 -78.233 0.16785 -0.38941 -0.90564 -0.97654 0.060052 -0.20681 0.13492 0.91911 -0.37019
2178.3 20.436 711.66 -78.839 0.15247 -0.38649 -0.9096 -0.98089 0.053389 -0.1871 0.12088 0.92075 -0.37096
2188.3 20.3 710.32 -78.771 0.14945 -0.38264 -0.91173 -0.98092 0.058548 -0.18537 0.12431 0.92204 -0.36659
2198.3 20.21 709.02 -78.736 0.1458 -0.3791 -0.9138 -0.98119 0.062718 -0.18257 0.12652 0.92323 -0.36283
2208.3 20.34 707.99 -78.663 0.14429 -0.37668 -0.91504 -0.98106 0.06631 -0.182 0.12923 0.92397 -0.35998
2218.3 21.312 707.9 -78.68 0.14709 -0.37797 -0.91406 -0.98089 0.063209 -0.18399 0.12732 0.92366 -0.36145
2228.3 22.122 707.81 -78.831 0.14943 -0.37886 -0.91331 -0.98072 0.060828 -0.18569 0.1259 0.92346 -0.36246
2238.3 22.241 706.78 -78.728 0.14866 -0.37714 -0.91415 -0.9805 0.063923 -0.18582 0.12851 0.92395 -0.36029
2248.3 21.897 705.15 -78.588 0.14543 -0.37369 -0.91608 -0.98019 0.071415 -0.18474 0.13446 0.9248 -0.3559
2258.3 21.524 703.67 -78.506 0.14221 -0.37073 -0.91779 -0.98002 0.077514 -0.18317 0.13905 0.9255 -0.3523
2268.3 22.975 703.95 -78.597 0.15096 -0.37507 -0.91462 -0.97889 0.072212 -0.19118 0.13775 0.92418 -0.35626
2278.3 22.414 702.48 -78.553 0.14767 -0.37171 -0.91653 -0.97865 0.079 -0.18972 0.14293 0.92498 -0.35211
2288.3 22.986 702 -78.529 0.15174 -0.37308 -0.91531 -0.97772 0.079232 -0.19438 0.14504 0.92441 -0.35275
2298.3 24.944 703.48 -78.807 0.16628 -0.37975 -0.91002 -0.97626 0.066489 -0.20613 0.13878 0.9227 -0.35968
2308.3 23.393 700.86 -78.66 0.1582 -0.37301 -0.91424 -0.97619 0.080101 -0.2016 0.14843 0.92436 -0.35146
2318.3 22.888 699.16 -78.429 0.15604 -0.37061 -0.91559 -0.97541 0.088232 -0.20195 0.15563 0.92459 -0.34774
2328.3 23.015 698.66 -78.435 0.16035 -0.37139 -0.91453 -0.97445 0.088041 -0.20661 0.15725 0.9243 -0.34778
2338.3 22.97 697.57 -78.441 0.15878 -0.37066 -0.91509 -0.97398 0.092989 -0.20666 0.1617 0.9241 -0.34625
2348.3 23.351 696.88 -78.489 0.16181 -0.37238 -0.91387 -0.97296 0.094466 -0.21077 0.16481 0.92326 -0.34703
2358.3 24.793 697.7 -78.827 0.17317 -0.3786 -0.90922 -0.97155 0.085743 -0.22075 0.16154 0.92158 -0.35298
2368.3 25.151 697.17 -78.757 0.17605 -0.38035 -0.90793 -0.97079 0.085652 -0.22412 0.16301 0.92087 -0.35416
2378.3 23.8 694.87 -78.487 0.16956 -0.37581 -0.91105 -0.97048 0.097215 -0.22073 0.17152 0.92158 -0.34823
2388.3 24.212 694.01 -78.432 0.17348 -0.37761 -0.90957 -0.96922 0.098359 -0.22569 0.17469 0.92073 -0.34892
2398.3 25.268 694.76 -78.659 0.18056 -0.38144 -0.90659 -0.96858 0.091325 -0.23133 0.17103 0.91987 -0.35297
2408.3 24.502 693.23 -78.406 0.17571 -0.37893 -0.90859 -0.96849 0.098944 -0.22856 0.17651 0.92012 -0.34961
2418.3 25.519 693.54 -78.588 0.18063 -0.38226 -0.90623 -0.9679 0.094646 -0.23285 0.17478 0.91919 -0.35289
2428.3 24.999 692.22 -78.349 0.17686 -0.38031 -0.90779 -0.96772 0.10108 -0.23088 0.17957 0.91932 -0.35016
2438.3 27.769 694.72 -78.883 0.19192 -0.39048 -0.90039 -0.96678 0.082621 -0.2419 0.16885 0.9169 -0.36165
2448.3 25.748 691.4 -78.346 0.17778 -0.38258 -0.90666 -0.9672 0.10193 -0.23266 0.18143 0.91828 -0.35191
2458.3 26.067 690.94 -78.302 0.17934 -0.38327 -0.90606 -0.96669 0.10232 -0.23462 0.18263 0.91795 -0.35215
2468.3 26.277 690.38 -78.184 0.18064 -0.3831 -0.90587 -0.96608 0.10373 -0.23651 0.18457 0.91787 -0.35136
2478.3 26.55 690.04 -78.166 0.18294 -0.38319 -0.90537 -0.96542 0.10397 -0.23908 0.18574 0.9178 -0.35092
2488.3 26.811 689.47 -78.105 0.18446 -0.38305 -0.90512 -0.96467 0.10568 -0.24132 0.18809 0.91766 -0.35002
2498.3 27.216 689.4 -78.145 0.18572 -0.38356 -0.90465 -0.96432 0.10561 -0.24275 0.18865 0.91746 -0.35026
2508.3 27.545 688.98 -78.127 0.18571 -0.38381 -0.90455 -0.96397 0.10725 -0.24342 0.19044 0.91716 -0.35007
2518.3 28.067 688.68 -78.148 0.18474 -0.38521 -0.90415 -0.96386 0.10867 -0.24324 0.19195 0.91641 -0.35121
2528.3 28.642 688.57 -78.223 0.18398 -0.38655 -0.90373 -0.964 0.10862 -0.24271 0.19198 0.91585 -0.35265
2538.3 29.148 688.04 -78.146 0.18352 -0.38722 -0.90354 -0.96362 0.11083 -0.24323 0.19432 0.9153 -0.35279
2548.3 29.66 687.97 -78.217 0.18185 -0.38806 -0.90352 -0.96398 0.11103 -0.24171 0.19412 0.91492 -0.35389
2558.3 31.377 688.71 -78.414 0.18744 -0.39237 -0.9005 -0.96355 0.10469 -0.24618 0.19087 0.91383 -0.35845
2568.3 32.973 689.86 -78.633 0.19334 -0.39675 -0.89734 -0.96345 0.096068 -0.25006 0.18542 0.91289 -0.36367
2578.3 33.409 689.41 -78.539 0.19313 -0.39608 -0.89768 -0.96325 0.09753 -0.25027 0.18668 0.91302 -0.36268
2588.3 33.774 689.15 -78.565 0.19138 -0.39524 -0.89842 -0.96365 0.098212 -0.24848 0.18645 0.91331 -0.36208
2598.3 33.895 688.33 -78.446 0.1869 -0.39347 -0.90014 -0.96405 0.1027 -0.24506 0.18887 0.91358 -0.36013
2608.3 34.418 687.89 -78.423 0.18437 -0.39346 -0.90067 -0.96422 0.1052 -0.24333 0.19049 0.9133 -0.35998
2618.3 35.716 688.31 -78.56 0.18422 -0.39737 -0.89897 -0.96459 0.10257 -0.243 0.18877 0.91191 -0.36441
2628.3 36.978 688.38 -78.585 0.18426 -0.40091 -0.8974 -0.96458 0.10158 -0.24344 0.18876 0.91047 -0.36799
2638.3 37.981 688.11 -78.493 0.18313 -0.40315 -0.89663 -0.9644 0.1033 -0.24342 0.19076 0.90929 -0.36988
2648.3 39.461 689.14 -78.708 0.18629 -0.40686 -0.89429 -0.96479 0.096269 -0.24478 0.18568 0.9084 -0.3746
2658.3 39.16 687.95 -78.278 0.17959 -0.40366 -0.89711 -0.96535 0.10322 -0.2397 0.18935 0.90907 -0.37113
2668.3 41.991 690.41 -78.672 0.19037 -0.41189 -0.89112 -0.9652 0.087262 -0.24653 0.17931 0.90704 -0.38094
2678.3 43.676 691.28 -78.699 0.19299 -0.4165 -0.88842 -0.96539 0.081268 -0.24781 0.17541 0.9055 -0.3864
2688.3 44.082 690.8 -78.678 0.18825 -0.4159 -0.88972 -0.96616 0.084243 -0.2438 0.17635 0.9055 -0.38596
2698.3 45.245 691.06 -78.658 0.18966 -0.41771 -0.88857 -0.96603 0.082413 -0.24494 0.17554 0.90484 -0.38789
2708.3 45.664 690.2 -78.425 0.18448 -0.4158 -0.89055 -0.96632 0.088677 -0.24158 0.17942 0.90512 -0.38544
2718.3 46.851 690.24 -78.402 0.18446 -0.41649 -0.89023 -0.96627 0.088778 -0.24174 0.17972 0.9048 -0.38607
2728.3 47.799 690.5 -78.269 0.18317 -0.41741 -0.89007 -0.9666 0.088629 -0.24048 0.17926 0.90439 -0.38723
2738.3 49.515 689.31 -77.927 0.18901 -0.42123 -0.88704 -0.96433 0.090856 -0.24862 0.18532 0.90239 -0.38903
2748.3 50.574 691.58 -78.36 0.17544 -0.42212 -0.8894 -0.96851 0.08812 -0.23286 0.17667 0.90225 -0.39337
2758.3 51.979 691.94 -78.355 0.17149 -0.42482 -0.88889 -0.96929 0.088647 -0.22937 0.17624 0.90093 -0.39658
2768.3 53.523 692.08 -78.278 0.1696 -0.42829 -0.88758 -0.96958 0.088765 -0.2281 0.17648 0.89927 -0.40021
2778.3 54.025 691.45 -78.337 0.16211 -0.42566 -0.89024 -0.97043 0.09475 -0.22202 0.17886 0.89991 -0.39772
2788.3 55.246 691.81 -78.4 0.16201 -0.42653 -0.88985 -0.97068 0.093386 -0.2215 0.17757 0.89964 -0.39889
2798.3 58.371 694.68 -78.711 0.17488 -0.4339 -0.88382 -0.97039 0.07594 -0.22929 0.16661 0.89775 -0.40777
2808.3 58.655 694.36 -78.667 0.17194 -0.42964 -0.88648 -0.97073 0.079267 -0.2267 0.16767 0.89951 -0.40344
2818.3 62.412 698.07 -78.963 0.19086 -0.43782 -0.87857 -0.96949 0.056205 -0.23862 0.15385 0.8973 -0.41373
2828.3 62.046 696.57 -78.761 0.18101 -0.43077 -0.88412 -0.97045 0.067637 -0.23164 0.15959 0.89992 -0.4058
2838.3 63.255 697.32 -78.95 0.18108 -0.42981 -0.88458 -0.97108 0.06419 -0.22998 0.15563 0.90063 -0.40576
2848.3 64.132 696.89 -78.816 0.17676 -0.42812 -0.88627 -0.97152 0.068493 -0.22685 0.15782 0.90112 -0.40382
2858.3 65.084 696.93 -78.889 0.17134 -0.42725 -0.88775 -0.97269 0.069813 -0.22134 0.15654 0.90143 -0.40362
2868.3 67.066 698.04 -78.972 0.17332 -0.4304 -0.88584 -0.97313 0.063613 -0.22131 0.1516 0.90039 -0.40781
2878.3 65.421 694.82 -78.544 0.15281 -0.42023 -0.89446 -0.97467 0.085479 -0.20667 0.16331 0.90338 -0.39653
2888.3 67.146 691.09 -77.802 0.17094 -0.42233 -0.89018 -0.96905 0.091256 -0.22938 0.17811 0.90184 -0.39365
2898.3 67.272 694.66 -78.434 0.15017 -0.41834 -0.89579 -0.97544 0.085007 -0.20322 0.16116 0.90431 -0.3953
2908.3 69.528 695.92 -78.649 0.15669 -0.42108 -0.89339 -0.97536 0.076263 -0.20701 0.1553 0.90381 -0.39876
2918.3 70.757 695.98 -78.701 0.15865 -0.4218 -0.8927 -0.97531 0.073743 -0.20817 0.15364 0.90368 -0.39969
2928.3 72.64 696.99 -78.894 0.16311 -0.42516 -0.8903 -0.97546 0.065785 -0.21013 0.14791 0.90273 -0.40399
2938.2 72.653 695.31 -78.807 0.15516 -0.42204 -0.8932 -0.97588 0.07508 -0.205 0.15358 0.90346 -0.40021
2948.2 73.191 693.76 -78.614 0.14907 -0.42161 -0.89444 -0.97585 0.083331 -0.20191 0.15966 0.90294 -0.399
2958.2 75.263 694.01 -78.679 0.15159 -0.42736 -0.89128 -0.97564 0.079981 -0.20429 0.15859 0.90053 -0.40483
2968.2 76.034 692.53 -78.583 0.14506 -0.42832 -0.89191 -0.97578 0.087254 -0.2006 0.16374 0.89941 -0.40529
2978.2 78.139 692.75 -78.732 0.14659 -0.43464 -0.8886 -0.97586 0.083481 -0.20182 0.1619 0.89673 -0.41191
2988.2 79.917 692.08 -78.74 0.14588 -0.43952 -0.88631 -0.97558 0.084803 -0.20263 0.16422 0.89422 -0.41642
2998.2 79.46 689.65 -78.562 0.13618 -0.43632 -0.88943 -0.97563 0.096856 -0.19689 0.17206 0.89456 -0.4125
3008.2 80.567 689 -78.683 0.13515 -0.43715 -0.88917 -0.97584 0.096741 -0.19589 0.17165 0.89417 -0.41352
3018.2 82.674 689.59 -78.931 0.14201 -0.43915 -0.88712 -0.97589 0.087971 -0.19977 0.16577 0.8941 -0.41607
3028.2 81.942 687.36 -78.517 0.13463 -0.43249 -0.89153 -0.97606 0.097232 -0.19456 0.17083 0.89638 -0.40905
3038.2 82.706 686.78 -78.472 0.13352 -0.43004 -0.89288 -0.97649 0.096784 -0.19264 0.16926 0.8976 -0.40701
3048.2 83.284 685.87 -78.475 0.12937 -0.42699 -0.89495 -0.97701 0.099372 -0.18865 0.16948 0.89878 -0.40431
3058.2 83.879 684.32 -78.669 0.12321 -0.42244 -0.89798 -0.9773 0.10552 -0.18373 0.17237 0.90023 -0.39985
3068.2 84.282 683.22 -78.773 0.11599 -0.41932 -0.9004 -0.97812 0.10939 -0.17695 0.1727 0.90122 -0.39746
3078.2 85.347 683.1 -78.733 0.11634 -0.41998 -0.90005 -0.97865 0.10615 -0.17603 0.16946 0.90131 -0.39866
3088.2 86.366 681.64 -78.712 0.11472 -0.41984 -0.90032 -0.97856 0.10827 -0.17519 0.17103 0.90112 -0.39842
3098.2 86.911 680.34 -78.667 0.11203 -0.4182 -0.90142 -0.97867 0.11077 -0.17302 0.1722 0.90158 -0.39687
3108.2 83.226 674.93 -78.226 0.081344 -0.39897 -0.91335 -0.97848 0.14238 -0.14934 0.18962 0.90584 -0.3788
3118.2 87.729 677.99 -78.809 0.10782 -0.41489 -0.90346 -0.97903 0.11369 -0.16905 0.17285 0.90274 -0.39393
3128.2 83.338 671.89 -78.257 0.075759 -0.39316 -0.91634 -0.97824 0.14873 -0.14469 0.19317 0.90736 -0.37334
3138.2 84.883 672.1 -78.413 0.083306 -0.39693 -0.91406 -0.97879 0.13971 -0.14987 0.18719 0.90715 -0.37687
3148.2 87.776 674.69 -78.776 0.10182 -0.40733 -0.90759 -0.97996 0.11592 -0.16196 0.17118 0.9059 -0.38736
3158.2 87.898 673.61 -78.8 0.10226 -0.40533 -0.90843 -0.98008 0.11524 -0.16174 0.17024 0.90688 -0.38547
3168.2 87.899 672.2 -78.723 0.10235 -0.40313 -0.9094 -0.97968 0.11768 -0.16243 0.1725 0.90755 -0.38289
3178.2 87.883 670.96 -78.798 0.10126 -0.40067 -0.91061 -0.9797 0.119 -0.1613 0.17299 0.90846 -0.38049
3188.2 87.82 669.7 -78.81 0.099097 -0.39871 -0.91171 -0.97993 0.12016 -0.15906 0.17297 0.90917 -0.3788
3198.2 87.78 667.99 -78.671 0.098004 -0.39688 -0.91262 -0.97951 0.12366 -0.15896 0.17594 0.9095 -0.37663
3208.2 87.398 666 -78.602 0.090775 -0.39348 -0.91484 -0.97961 0.13004 -0.15313 0.17922 0.91009 -0.37366
3218.2 87.399 665.54 -78.724 0.095031 -0.39338 -0.91445 -0.9796 0.12642 -0.15618 0.17704 0.91064 -0.37334
3228.2 87.22 664.32 -78.738 0.095154 -0.39208 -0.915 -0.97964 0.12637 -0.15603 0.1768 0.91121 -0.37207
3238.2 87.069 662.98 -78.806 0.095737 -0.39144 -0.91521 -0.97956 0.12638 -0.15652 0.17693 0.91148 -0.37134
3248.2 87.471 661.75 -78.791 0.095278 -0.39312 -0.91454 -0.9796 0.12626 -0.15633 0.17692 0.91078 -0.37307
3258.2 88.525 661.64 -78.911 0.10347 -0.39792 -0.91157 -0.97951 0.11844 -0.16289 0.17278 0.90974 -0.37751
3268.2 89.035 661.19 -79.053 0.10815 -0.40044 -0.90992 -0.97961 0.11295 -0.16614 0.1693 0.90934 -0.38006
3278.2 87.885 659.23 -78.975 0.10386 -0.39607 -0.91233 -0.97974 0.11719 -0.16241 0.17124 0.91071 -0.37587
3288.2 86.748 656.76 -78.672 0.10025 -0.39119 -0.91483 -0.97915 0.1245 -0.16053 0.1767 0.91185 -0.37056
3298.2 88.226 657.41 -78.859 0.11114 -0.39673 -0.91118 -0.97925 0.11265 -0.16849 0.16949 0.911 -0.37598
3308.2 87.665 656.04 -78.877 0.10922 -0.39354 -0.9128 -0.97939 0.11434 -0.16648 0.16989 0.91217 -0.37295
3318.2 86.165 653.11 -78.491 0.10138 -0.3862 -0.91683 -0.97876 0.12636 -0.16145 0.17821 0.91372 -0.36519
3328.2 86.264 652.3 -78.615 0.10176 -0.3851 -0.91725 -0.97892 0.12538 -0.16124 0.1771 0.91432 -0.36422
3338.2 86.102 651.33 -78.604 0.10376 -0.38351 -0.91769 -0.97864 0.12527 -0.16301 0.17747 0.915 -0.36232
3348.2 86.138 650.55 -78.704 0.10095 -0.38218 -0.91856 -0.97921 0.12512 -0.15967 0.17595 0.91558 -0.36161
3358.2 86.802 649.22 -78.558 0.096958 -0.38267 -0.91878 -0.97931 0.12806 -0.15668 0.17762 0.91496 -0.36234
3368.2 87.498 648.54 -78.555 0.098894 -0.38375 -0.91813 -0.97939 0.12577 -0.15806 0.17613 0.91483 -0.3634
3378.2 87.642 647.55 -78.599 0.097711 -0.38243 -0.9188 -0.97961 0.1259 -0.15658 0.17556 0.91537 -0.36233
3388.2 87.852 646.45 -78.595 0.095602 -0.38143 -0.91944 -0.97978 0.12704 -0.15458 0.17577 0.91563 -0.36157
3398.2 88.191 645.27 -78.547 0.093633 -0.38096 -0.91984 -0.97997 0.12783 -0.1527 0.17576 0.91571 -0.36136
3408.2 88.841 644.52 -78.511 0.092983 -0.38167 -0.91961 -0.98018 0.12719 -0.1519 0.17494 0.9155 -0.36228
3418.2 87.791 642 -78.331 0.081888 -0.37555 -0.92318 -0.97999 0.13826 -0.14317 0.18141 0.91643 -0.35671
3428.2 88.957 641.19 -78.35 0.083025 -0.37835 -0.92193 -0.97986 0.13757 -0.1447 0.18158 0.91538 -0.35931
3438.2 91.127 642.2 -78.648 0.089341 -0.38515 -0.91852 -0.98081 0.12641 -0.14841 0.17327 0.91416 -0.36646
3448.2 91.284 640.87 -78.528 0.086626 -0.3826 -0.91984 -0.98069 0.12973 -0.14632 0.17532 0.91476 -0.36398
3458.2 91.334 639.99 -78.7 0.081675 -0.37939 -0.92163 -0.98147 0.1302 -0.14057 0.17332 0.91603 -0.36172
3468.2 91.5 638.48 -78.591 0.07688 -0.37717 -0.92295 -0.98135 0.13497 -0.1369 0.17621 0.91626 -0.35976
3478.2 93.323 638.85 -78.755 0.080798 -0.38144 -0.92086 -0.98189 0.12839 -0.13933 0.17137 0.91544 -0.36416
3488.2 93.615 637.7 -78.665 0.076471 -0.37953 -0.92202 -0.98193 0.13187 -0.13572 0.1731 0.91573 -0.36258
3498.2 95.327 638.2 -78.82 0.079701 -0.38344 -0.92012 -0.98263 0.12499 -0.1372 0.16761 0.91507 -0.36682
3508.2 94.478 636.01 -78.645 0.06939 -0.37672 -0.92372 -0.98233 0.13553 -0.12907 0.17382 0.91636 -0.36066
3518.2 98.039 638.22 -79.1 0.082667 -0.38837 -0.91779 -0.98349 0.11698 -0.13809 0.16099 0.91405 -0.37228
3528.2 97.799 636.67 -78.973 0.07717 -0.38376 -0.9202 -0.98328 0.12339 -0.13392 0.16494 0.91515 -0.36782
3538.2 97.578 635.02 -78.783 0.071576 -0.37907 -0.9226 -0.98288 0.13066 -0.12994 0.1698 0.9161 -0.36323
3548.2 98.057 634.44 -78.801 0.068174 -0.37753 -0.92349 -0.98323 0.13151 -0.12635 0.16915 0.91661 -0.36223
3558.2 99.322 634.37 -78.855 0.068698 -0.37934 -0.9227 -0.98359 0.12893 -0.12624 0.16686 0.91623 -0.36426
3568.2 100.81 634.6 -78.916 0.069303 -0.3825 -0.92135 -0.98413 0.125 -0.12592 0.16333 0.91546 -0.36777
3578.2 101.65 634.09 -78.902 0.066858 -0.38331 -0.9212 -0.9842 0.12637 -0.12401 0.16394 0.91494 -0.3688
3588.2 102.9 633.88 -78.927 0.065173 -0.38632 -0.92006 -0.98458 0.12512 -0.12228 0.16236 0.91384 -0.37221
3598.2 103.66 633.27 -78.838 0.062699 -0.38714 -0.91988 -0.98457 0.12686 -0.1205 0.16334 0.91325 -0.37322
3608.2 104.55 632.72 -78.806 0.061357 -0.38865 -0.91934 -0.98462 0.12737 -0.11956 0.16356 0.91254 -0.37486
3618.2 105.19 632.65 -78.817 0.060831 -0.3902 -0.91872 -0.98491 0.12597 -0.11872 0.16206 0.91207 -0.37664
3628.2 106.26 630.1 -78.321 0.075187 -0.39239 -0.91672 -0.98248 0.12809 -0.13541 0.17055 0.91084 -0.37588
3638.2 107.12 631.99 -78.764 0.060441 -0.39349 -0.91734 -0.98496 0.12549 -0.11873 0.16183 0.91073 -0.37999
3648.2 108.19 632.1 -78.851 0.060105 -0.39586 -0.91634 -0.98537 0.12314 -0.11783 0.15948 0.91002 -0.38267
3658.2 109.38 631.8 -78.827 0.060442 -0.39855 -0.91515 -0.98546 0.12202 -0.11823 0.15879 0.90899 -0.38538
3668.2 111.12 631.94 -78.952 0.059233 -0.40302 -0.91327 -0.98595 0.11951 -0.11669 0.15617 0.90735 -0.39028
3678.2 111.69 631.59 -78.955 0.056595 -0.4047 -0.9127 -0.98613 0.12018 -0.11444 0.156 0.90652 -0.39228
3688.2 113.47 631.54 -79.008 0.058259 -0.40842 -0.91093 -0.98615 0.1184 -0.11615 0.15529 0.90508 -0.39587
3698.2 115.13 632.12 -79.076 0.061617 -0.4124 -0.90892 -0.98649 0.1133 -0.11829 0.15177 0.90393 -0.39985
3708.2 116.65 632.87 -79.213 0.066563 -0.41451 -0.90761 -0.98687 0.10683 -0.12116 0.14718 0.90375 -0.40196
3718.2 116.72 632.26 -79.195 0.062545 -0.4108 -0.90958 -0.98701 0.10966 -0.1174 0.14797 0.90511 -0.3986
3728.2 117.52 632.3 -79.27 0.060358 -0.41006 -0.91006 -0.98758 0.10798 -0.11415 0.14507 0.90565 -0.39844
3738.2 118.36 631.79 -79.095 0.056996 -0.41041 -0.91012 -0.98768 0.10991 -0.11142 0.14575 0.90525 -0.39909
3748.2 118.15 630.21 -78.979 0.046561 -0.40732 -0.9121 -0.98752 0.11876 -0.10345 0.15046 0.90553 -0.39671
3758.2 120.16 630.97 -79.089 0.048893 -0.41381 -0.90905 -0.98826 0.11186 -0.10408 0.14475 0.90346 -0.40349
3768.2 120.47 630.04 -78.967 0.042077 -0.41315 -0.90969 -0.9882 0.11698 -0.098836 0.14725 0.90312 -0.40336
3778.2 121.61 630 -79.067 0.042697 -0.41559 -0.90855 -0.98846 0.11473 -0.098932 0.14535 0.90229 -0.4059
3788.2 122.83 629.53 -79.04 0.043409 -0.41849 -0.90718 -0.98839 0.11434 -0.10004 0.1456 0.90099 -0.40867
3798.2 125.1 630.39 -79.18 0.050531 -0.42558 -0.90351 -0.98876 0.10613 -0.10529 0.1407 0.89867 -0.41544
3808.2 126.78 630.72 -79.248 0.053162 -0.42992 -0.9013 -0.98893 0.10252 -0.10723 0.1385 0.89703 -0.41972
3818.2 125.88 628.27 -79.005 0.040182 -0.42344 -0.90503 -0.98835 0.11624 -0.098268 0.14681 0.89843 -0.41384
3828.2 126.35 627.17 -78.865 0.033605 -0.42278 -0.90561 -0.9881 0.12203 -0.093634 0.1501 0.89798 -0.41365
3838.2 127.77 627.3 -78.83 0.034597 -0.42744 -0.90338 -0.9883 0.11969 -0.094482 0.14851 0.89609 -0.4183
3848.2 127.55 624.75 -78.603 0.020928 -0.42368 -0.90557 -0.98739 0.13342 -0.085243 0.15694 0.89593 -0.41555
3858.2 129.91 626.15 -78.809 0.029153 -0.43234 -0.90124 -0.98849 0.12143 -0.09023 0.14845 0.8935 -0.42383
3868.2 130.7 624.84 -78.724 0.024639 -0.43232 -0.90138 -0.98824 0.12557 -0.087242 0.15091 0.89293 -0.42414
3878.2 131.84 624.8 -78.748 0.027385 -0.4354 -0.89982 -0.98849 0.1222 -0.089215 0.14881 0.8919 -0.42704
3888.2 130.03 621.36 -78.555 0.009582 -0.42374 -0.90573 -0.98713 0.14058 -0.076212 0.15962 0.89481 -0.41694
3898.2 131.5 621.02 -78.569 0.010212 -0.42705 -0.90417 -0.98743 0.13834 -0.076492 0.15775 0.89358 -0.42027
3908.2 131.54 619.46 -78.532 0.000602 -0.4246 -0.90538 -0.98699 0.14531 -0.068803 0.16077 0.89364 -0.41899
3918.2 133.08 619.18 -78.644 0.00119 -0.42762 -0.90396 -0.98734 0.14286 -0.06888 0.1586 0.8926 -0.42203
3928.1 134.6 619.2 -78.838 0.002669 -0.42953 -0.90305 -0.98794 0.13869 -0.068886 0.15483 0.89234 -0.42397
3938.1 136.39 619.99 -79.095 0.007402 -0.43199 -0.90185 -0.98922 0.12875 -0.069791 0.14626 0.89264 -0.42638
3948.1 136.95 619.61 -78.903 0.008069 -0.43026 -0.90267 -0.98978 0.1251 -0.068476 0.14239 0.894 -0.42485
3958.1 137.27 618.5 -78.789 0.006083 -0.42624 -0.90459 -0.98967 0.12704 -0.066514 0.14327 0.89565 -0.42106
3968.1 137.65 617.26 -78.782 0.004262 -0.42277 -0.90623 -0.98927 0.13058 -0.065567 0.14605 0.89678 -0.41768
3978.1 138.13 616.18 -78.881 0.000431 -0.42038 -0.90735 -0.98906 0.13367 -0.062402 0.14752 0.89745 -0.41572
3988.1 138.58 614.92 -78.844 -0.004978 -0.41835 -0.90827 -0.98874 0.13788 -0.058086 0.14953 0.89776 -0.41433
3998.1 139.23 613.93 -78.858 -0.009921 -0.41819 -0.90831 -0.98878 0.1395 -0.053428 0.14905 0.89758 -0.41488
4008.1 139.85 612.72 -78.838 -0.015495 -0.41894 -0.90788 -0.98874 0.14157 -0.048453 0.14883 0.89691 -0.41642
4018.1 140.56 611.6 -78.889 -0.01851 -0.42042 -0.90714 -0.98878 0.14219 -0.045723 0.14821 0.89612 -0.41833
4028.1 141.31 610.42 -78.889 -0.01926 -0.42204 -0.90637 -0.98885 0.14192 -0.04507 0.14766 0.8954 -0.42007
4038.1 141.64 609.29 -78.9 -0.019474 -0.42145 -0.90664 -0.98906 0.14075 -0.044182 0.14623 0.89586 -0.41958
4048.1 141.88 608.34 -78.983 -0.0198 -0.42056 -0.90705 -0.98958 0.13768 -0.042232 0.14264 0.89676 -0.4189
4058.1 142.12 607.14 -78.918 -0.021851 -0.41989 -0.90731 -0.98967 0.13771 -0.039898 0.1417 0.89707 -0.41856
4068.1 142.25 605.81 -78.964 -0.023148 -0.41834 -0.908 -0.98965 0.13826 -0.038473 0.14164 0.8977 -0.41721
4078.1 142.14 604.5 -78.98 -0.025457 -0.41589 -0.90906 -0.98948 0.14 -0.036341 0.14239 0.89858 -0.41508
4088.1 143.72 604.61 -79.176 -0.0213 -0.42031 -0.90713 -0.99054 0.13188 -0.037846 0.13554 0.89775 -0.41915
4098.1 145.17 605.01 -79.281 -0.013513 -0.425 -0.90509 -0.99173 0.12122 -0.042111 0.12761 0.89704 -0.42312
4108.1 144.49 603.57 -79.213 -0.016046 -0.42044 -0.90718 -0.99163 0.12296 -0.039446 0.12813 0.89895 -0.41889
4118.1 143.47 601.91 -79.174 -0.019325 -0.4147 -0.90975 -0.99131 0.12634 -0.036533 0.13009 0.90115 -0.41353
4128.1 143.65 601.24 -79.246 -0.017955 -0.4142 -0.91001 -0.99161 0.12391 -0.036836 0.12802 0.90171 -0.41295
4138.1 143.94 600.87 -79.251 -0.016682 -0.41492 -0.9097 -0.99213 0.1198 -0.036449 0.12411 0.90194 -0.41365
4148.1 143.57 599.75 -79.194 -0.01932 -0.41324 -0.91042 -0.99215 0.12048 -0.033632 0.12359 0.90262 -0.41232
4158.1 143.36 599.16 -79.296 -0.020384 -0.41246 -0.91075 -0.99249 0.11821 -0.031322 0.12058 0.90327 -0.41177
4168.1 142.57 597.87 -79.278 -0.023495 -0.40984 -0.91185 -0.99232 0.12035 -0.028523 0.12143 0.90418 -0.40952
4178.1 141.71 596.59 -79.221 -0.024796 -0.4071 -0.91305 -0.99217 0.12183 -0.027376 0.12238 0.90522 -0.40693
4188.1 142.32 596.8 -79.381 -0.018759 -0.41174 -0.91111 -0.99314 0.11286 -0.030556 0.11541 0.90429 -0.41103
4198.1 141.85 595.93 -79.415 -0.015258 -0.41147 -0.91129 -0.99331 0.11056 -0.033291 0.11445 0.90469 -0.41041
4208.1 142.24 595.78 -79.44 -0.007618 -0.4154 -0.90961 -0.99383 0.1038 -0.03908 0.11065 0.9037 -0.41363
4218.1 134.94 589.33 -79.027 -0.03766 -0.3861 -0.92169 -0.99003 0.13972 -0.018077 0.13576 0.91181 -0.38751
4228.1 139.07 592.42 -79.347 -0.013479 -0.40653 -0.91354 -0.9931 0.11185 -0.035121 0.11646 0.90677 -0.40524
4238.1 133.6 587.8 -79.11 -0.034473 -0.38495 -0.92229 -0.99042 0.13665 -0.020015 0.13373 0.91277 -0.38597
4248.1 139.57 592.32 -79.4 -0.001753 -0.41316 -0.91066 -0.99405 0.099875 -0.043399 0.10888 0.90517 -0.41087
4258.1 131.97 585.86 -78.926 -0.03434 -0.38201 -0.92352 -0.99021 0.13811 -0.020309 0.13531 0.91378 -0.38301
4268.1 131.19 585.05 -78.983 -0.0332 -0.38064 -0.92413 -0.99026 0.13764 -0.021119 0.13524 0.91442 -0.3815
4278.1 132.79 586.09 -79.159 -0.019364 -0.38911 -0.92099 -0.99165 0.12497 -0.031948 0.12752 0.91267 -0.38828
4288.1 129.53 583.37 -78.986 -0.030623 -0.37694 -0.92573 -0.99014 0.13813 -0.023489 0.13672 0.91588 -0.37745
4298.1 128.7 582.38 -78.928 -0.029947 -0.3752 -0.92646 -0.98997 0.13917 -0.024362 0.13808 0.91644 -0.3756
4308.1 132.85 585.65 -79.336 -0.004524 -0.39532 -0.91853 -0.99283 0.11151 -0.043103 0.11947 0.91175 -0.39299
4318.1 127.24 580.77 -78.916 -0.026848 -0.37293 -0.92747 -0.98995 0.13879 -0.02715 0.13885 0.91742 -0.37291
4328.1 126.55 579.7 -78.834 -0.025218 -0.37186 -0.92795 -0.9897 0.1401 -0.029246 0.14088 0.91766 -0.37156
4338.1 130.6 582.58 -79.233 -0.002165 -0.39129 -0.92027 -0.99228 0.11492 -0.046529 0.12397 0.91307 -0.38852
4348.1 129.72 581.47 -79.178 -0.003231 -0.38929 -0.92111 -0.9921 0.1168 -0.045881 0.12544 0.91368 -0.38659
4358.1 127.54 579.28 -79.088 -0.010297 -0.38094 -0.92454 -0.9912 0.1259 -0.040836 0.13196 0.91599 -0.37888
4368.1 128.43 579.27 -79.169 -0.002331 -0.38549 -0.92271 -0.99172 0.11937 -0.047364 0.1284 0.91496 -0.38257
4378.1 126.9 577.79 -79.123 -0.008358 -0.37961 -0.92511 -0.99126 0.12498 -0.042328 0.13169 0.91666 -0.37734
4388.1 127.11 577.18 -79.072 -0.004748 -0.38085 -0.92462 -0.99132 0.12326 -0.045679 0.13136 0.91638 -0.37813
4398.1 125.84 575.72 -79.167 -0.008577 -0.37532 -0.92686 -0.99091 0.12765 -0.042521 0.13427 0.91806 -0.373
4408.1 126.27 575.15 -79.171 -0.004861 -0.37717 -0.92613 -0.99107 0.1252 -0.045789 0.13323 0.91764 -0.37442
4418.1 124.5 572.57 -78.947 -0.012402 -0.36914 -0.92929 -0.98974 0.1368 -0.041131 0.14231 0.91925 -0.36705
4428.1 125.25 572.17 -79.01 -0.007927 -0.372 -0.9282 -0.99008 0.13316 -0.04491 0.1403 0.91863 -0.36936
4438.1 124.52 570.42 -78.922 -0.012142 -0.36824 -0.92965 -0.98933 0.13939 -0.042292 0.14516 0.91922 -0.36601
4448.1 122.99 568.37 -78.868 -0.020677 -0.36123 -0.93225 -0.98831 0.14823 -0.035517 0.15102 0.92062 -0.36007
4458.1 125.13 568.38 -78.946 -0.014741 -0.3696 -0.92907 -0.98916 0.14119 -0.040473 0.14613 0.9184 -0.36767
4468.1 124.4 566.21 -78.816 -0.022683 -0.3652 -0.93065 -0.98813 0.14966 -0.034646 0.15194 0.91882 -0.36426
4478.1 124.55 565.06 -78.788 -0.025525 -0.36498 -0.93067 -0.98789 0.15171 -0.032403 0.15302 0.91857 -0.36443
4488.1 125 563.74 -78.762 -0.027683 -0.36538 -0.93045 -0.9876 0.15389 -0.031048 0.15453 0.91805 -0.36511
4498.1 124.05 561.62 -78.665 -0.036292 -0.35965 -0.93238 -0.98668 0.16096 -0.023681 0.15859 0.9191 -0.3607
4508.1 126.25 561.88 -78.826 -0.029397 -0.36764 -0.9295 -0.98788 0.15249 -0.029072 0.15243 0.91738 -0.36767
4518.1 127.17 561.03 -78.895 -0.028485 -0.3698 -0.92867 -0.98804 0.15127 -0.029932 0.15155 0.91671 -0.36969
4528.1 125.25 557.87 -78.582 -0.042329 -0.35894 -0.9324 -0.9858 0.16681 -0.019463 0.16252 0.91833 -0.36091
4538.1 125.64 556.54 -78.547 -0.045721 -0.35854 -0.93239 -0.98545 0.16913 -0.016716 0.16369 0.91806 -0.36106
4548.1 127.6 556.61 -78.774 -0.041849 -0.3649 -0.9301 -0.98667 0.16161 -0.01901 0.15725 0.91691 -0.3668
4558.1 128.02 555.45 -78.766 -0.045416 -0.36422 -0.9302 -0.98638 0.1637 -0.015938 0.15808 0.91681 -0.36669
4568.1 128.56 554.7 -78.804 -0.045399 -0.36456 -0.93007 -0.98657 0.16261 -0.01558 0.15691 0.91687 -0.36705
4578.1 129.9 553.69 -78.801 -0.045765 -0.36718 -0.92902 -0.98665 0.16213 -0.015477 0.15631 0.91591 -0.3697
4588.1 129.55 551.59 -78.654 -0.053265 -0.36336 -0.93012 -0.98544 0.16976 -0.009886 0.16149 0.91605 -0.36712
4598.1 130.28 550.83 -78.767 -0.055276 -0.36475 -0.92946 -0.98555 0.16919 -0.007783 0.16009 0.91561 -0.36883
4608.1 130.91 549.71 -78.739 -0.056447 -0.36707 -0.92848 -0.98533 0.17048 -0.007497 0.16104 0.91444 -0.37131
4618.1 131.59 548.59 -78.793 -0.058781 -0.36898 -0.92758 -0.9851 0.1719 -0.005954 0.16165 0.9134 -0.37359
4628.1 133.03 547.28 -78.824 -0.058819 -0.37391 -0.9256 -0.98478 0.17366 -0.007575 0.16358 0.91106 -0.37843
4638.1 135.11 547.25 -79.047 -0.054073 -0.38269 -0.92229 -0.98587 0.16714 -0.01155 0.15857 0.90863 -0.38632
4648.1 135.7 545.86 -78.906 -0.056371 -0.38476 -0.92129 -0.98533 0.17029 -0.010827 0.16105 0.90717 -0.38872
4658.1 136.47 544.88 -78.978 -0.058367 -0.38769 -0.91994 -0.9853 0.17056 -0.009366 0.16054 0.90587 -0.39195
4668.1 135.62 542.26 -78.681 -0.068901 -0.38315 -0.92112 -0.98317 0.18269 -0.002451 0.16922 0.90544 -0.38928
4678.1 136.25 540.94 -78.684 -0.070365 -0.38576 -0.91991 -0.98278 0.18479 -0.002316 0.17088 0.9039 -0.39212
4688.1 130.12 534.22 -77.749 -0.10915 -0.35658 -0.92787 -0.97384 0.22552 0.027887 0.19931 0.90664 -0.37187
4698.1 133.05 534.36 -77.967 -0.10225 -0.36906 -0.92376 -0.9758 0.21765 0.021055 0.19328 0.90356 -0.38238
4708.1 132.7 532.5 -77.807 -0.11029 -0.36684 -0.92372 -0.97389 0.22542 0.026765 0.1984 0.90256 -0.38212
4718.1 133.6 531.47 -77.953 -0.11221 -0.37075 -0.92193 -0.97354 0.2269 0.02724 0.19909 0.90059 -0.3864
4728.1 135.98 530.9 -77.989 -0.10768 -0.38172 -0.91798 -0.97445 0.22357 0.021337 0.19709 0.89683 -0.39605
4738.1 136.15 529.52 -77.98 -0.11331 -0.38282 -0.91685 -0.97375 0.22615 0.025917 0.19743 0.89571 -0.3984
