521.72 -182.23 742.8 -76.872 -0.96405 0.23798 0.11825 0.19648 0.33875 0.92013 0.17891 0.91028 -0.37333
531.71 -178.45 736.23 -76.955 -0.97316 0.21117 0.091432 0.16631 0.37081 0.9137 0.15904 0.90438 -0.39598
541.71 -178.45 736.5 -77.035 -0.97314 0.21122 0.091596 0.16631 0.36982 0.9141 0.15921 0.90478 -0.39501
551.71 -178.43 736.15 -76.931 -0.97324 0.21092 0.091203 0.16618 0.37187 0.91329 0.15872 0.904 -0.39697
561.71 -178.46 736.41 -77.001 -0.97318 0.21104 0.091501 0.16628 0.37056 0.9138 0.15894 0.90451 -0.39572
571.71 -178.46 736.26 -76.964 -0.97335 0.21065 0.090645 0.1655 0.37161 0.91352 0.15875 0.90417 -0.39657
581.71 -178.5 736.36 -76.958 -0.97327 0.21069 0.091369 0.16616 0.37143 0.91347 0.15852 0.90424 -0.39651
591.71 -178.54 736.37 -76.987 -0.97325 0.21066 0.091638 0.1664 0.37141 0.91344 0.15839 0.90425 -0.39653
601.71 -178.46 736.26 -76.98 -0.97352 0.20985 0.090623 0.16524 0.37214 0.91335 0.15794 0.90414 -0.39697
611.71 -178.58 736.37 -76.978 -0.97329 0.2105 0.091614 0.16635 0.37163 0.91336 0.15822 0.9042 -0.39672
621.71 -178.5 736.37 -76.974 -0.97351 0.20973 0.091033 0.16551 0.37181 0.91344 0.15773 0.90431 -0.39667
631.71 -178.54 736.42 -76.984 -0.97347 0.20982 0.091332 0.16577 0.37147 0.91353 0.15775 0.90443 -0.3964
641.7 -178.47 736.26 -76.958 -0.97363 0.20925 0.090894 0.16527 0.37227 0.91329 0.15726 0.90423 -0.39704
651.7 -178.52 736.36 -76.977 -0.97351 0.20972 0.091106 0.16552 0.37148 0.91357 0.15775 0.90444 -0.39635
661.7 -178.47 736.37 -77.017 -0.97356 0.20946 0.091107 0.1654 0.37137 0.91363 0.15754 0.90455 -0.3962
671.7 -178.51 736.32 -76.983 -0.9735 0.20996 0.090622 0.16519 0.37159 0.91358 0.15814 0.90434 -0.39643
681.7 -178.51 736.24 -76.973 -0.97346 0.21006 0.090815 0.16548 0.37202 0.91336 0.15807 0.90415 -0.39691
691.7 -178.53 736.35 -76.962 -0.97331 0.21049 0.09143 0.1661 0.37122 0.91357 0.15836 0.90437 -0.39628
701.7 -178.58 736.42 -76.985 -0.97316 0.21112 0.091619 0.16642 0.37056 0.91378 0.15896 0.9045 -0.39575
711.7 -178.53 736.42 -76.968 -0.97319 0.211 0.091503 0.16629 0.37074 0.91373 0.15888 0.90445 -0.39589
721.7 -178.49 736.24 -76.951 -0.97329 0.21083 0.090918 0.16586 0.37184 0.91336 0.15875 0.90404 -0.39687
731.7 -178.51 736.3 -76.948 -0.97318 0.21118 0.091244 0.16622 0.37127 0.91353 0.15905 0.90419 -0.39641
741.69 -178.48 736.32 -76.975 -0.97331 0.21092 0.090495 0.16539 0.37116 0.91372 0.15913 0.9043 -0.39614
751.69 -178.48 736.39 -76.996 -0.9733 0.21104 0.090272 0.16517 0.37082 0.9139 0.15939 0.90441 -0.39578
761.69 -178.46 736.47 -76.978 -0.97326 0.21119 0.090367 0.16531 0.37077 0.91389 0.1595 0.90439 -0.39577
771.69 -178.45 736.26 -76.926 -0.97315 0.21158 0.090566 0.16585 0.37188 0.91335 0.15957 0.90385 -0.39698
781.69 -178.44 736.25 -76.972 -0.97311 0.21169 0.09079 0.16606 0.37162 0.91341 0.15962 0.90392 -0.39679
791.69 -178.43 736.22 -76.939 -0.9731 0.21179 0.090681 0.16608 0.3721 0.91322 0.15967 0.90371 -0.39726
801.69 -178.43 736.51 -77.003 -0.973 0.21202 0.091219 0.16644 0.3707 0.91372 0.15991 0.90423 -0.39598
811.69 -178.38 736.37 -76.977 -0.97308 0.21186 0.090766 0.16607 0.37139 0.91351 0.15983 0.90398 -0.39657
821.69 -178.39 736.35 -76.949 -0.97297 0.21206 0.091386 0.16676 0.37156 0.91331 0.15972 0.90387 -0.39688
831.69 -178.41 736.35 -76.928 -0.97301 0.21197 0.091175 0.1666 0.37198 0.91317 0.15965 0.90371 -0.39726
841.68 -178.44 736.38 -76.939 -0.97297 0.21203 0.091467 0.16685 0.37168 0.91324 0.15964 0.90382 -0.39701
851.68 -178.41 736.44 -76.952 -0.97306 0.21175 0.091199 0.1664 0.37124 0.9135 0.15957 0.90407 -0.39648
861.68 -178.44 736.35 -76.93 -0.97308 0.2116 0.091356 0.16669 0.37238 0.91299 0.15917 0.90364 -0.39763
871.68 -178.47 736.46 -76.991 -0.97304 0.21158 0.091841 0.167 0.37159 0.91326 0.1591 0.90397 -0.3969
881.68 -178.47 736.5 -77.002 -0.97307 0.21142 0.091827 0.16691 0.3715 0.91331 0.15898 0.90404 -0.39679
891.68 -178.48 736.41 -76.986 -0.97309 0.2112 0.09214 0.16716 0.37179 0.91314 0.1586 0.90397 -0.39709
901.68 -178.49 736.55 -76.996 -0.97303 0.21114 0.092951 0.16784 0.37146 0.91315 0.15827 0.90412 -0.39688
911.68 -178.45 736.55 -76.984 -0.97317 0.21075 0.092348 0.16712 0.37149 0.91327 0.15817 0.9042 -0.39674
921.68 -178.47 736.5 -77.006 -0.97315 0.21066 0.092681 0.16743 0.37173 0.91312 0.15791 0.90412 -0.39703
931.68 -178.52 736.41 -76.948 -0.97298 0.21082 0.094214 0.16896 0.37189 0.91277 0.15739 0.90402 -0.39746
941.67 -178.59 736.76 -77.06 -0.97292 0.21086 0.094726 0.16912 0.36993 0.91354 0.15758 0.90482 -0.39557
951.67 -178.52 736.53 -76.993 -0.97311 0.20981 0.095053 0.16927 0.37152 0.91287 0.15621 0.90441 -0.39704
961.67 -178.62 736.66 -76.998 -0.97306 0.20955 0.096191 0.17017 0.37116 0.91284 0.15558 0.90462 -0.39682
971.67 -178.65 736.43 -76.943 -0.9732 0.20878 0.096428 0.17027 0.37229 0.91236 0.15458 0.90433 -0.39786
981.67 -178.67 736.5 -76.973 -0.97348 0.2076 0.09611 0.16957 0.37278 0.9123 0.15357 0.9044 -0.39809
991.67 -178.75 736.53 -76.955 -0.97363 0.20665 0.09668 0.16984 0.37353 0.91194 0.15234 0.90431 -0.39877
1001.7 -178.71 736.38 -76.949 -0.97401 0.2051 0.096131 0.16896 0.37521 0.91141 0.15086 0.90397 -0.40011
1011.7 -178.9 736.67 -76.967 -0.97404 0.20461 0.096815 0.1694 0.3752 0.91134 0.15015 0.90408 -0.40012
1021.7 -178.93 736.69 -76.926 -0.9743 0.20344 0.096727 0.16911 0.37692 0.91068 0.14881 0.90363 -0.40163
1031.7 -179.02 736.71 -76.887 -0.97444 0.20253 0.097218 0.16943 0.37834 0.91003 0.14753 0.90324 -0.40298
1041.7 -179.01 736.79 -76.892 -0.97474 0.20114 0.097128 0.16897 0.37961 0.90959 0.14608 0.90302 -0.404
1051.7 -179.14 737.19 -76.945 -0.97484 0.20042 0.097552 0.16903 0.37943 0.90965 0.1453 0.90326 -0.40376
1061.7 -178.83 737.72 -77.097 -0.97479 0.19896 0.10103 0.17157 0.37881 0.90943 0.14267 0.90384 -0.40339
1071.7 -178.83 738.02 -77.122 -0.97523 0.19731 0.099951 0.17003 0.37975 0.90933 0.14147 0.9038 -0.40389
1081.7 -178.83 738.17 -77.082 -0.97566 0.19579 0.098742 0.16855 0.38159 0.90883 0.14026 0.90336 -0.4053
1091.7 -178.8 738.17 -77.015 -0.97619 0.19398 0.097058 0.16673 0.38482 0.90781 0.13875 0.90238 -0.408
1101.7 -178.85 738.34 -76.997 -0.97659 0.19284 0.095317 0.16499 0.38716 0.90713 0.13803 0.90162 -0.40992
1111.7 -178.92 738.81 -77.044 -0.97693 0.19206 0.093438 0.16303 0.38793 0.90715 0.13798 0.90146 -0.41029
1121.7 -178.93 739.05 -77.007 -0.97723 0.19119 0.091998 0.1616 0.38972 0.90665 0.13749 0.90087 -0.41174
1131.7 -179.25 738.9 -76.764 -0.97784 0.19056 0.086732 0.15696 0.39305 0.90602 0.13856 0.89955 -0.41425
1141.7 -173.66 749.58 -77.795 -0.98683 0.15343 0.051317 0.10392 0.35806 0.9279 0.12399 0.92101 -0.36929
1151.7 -178.76 740.67 -77.022 -0.97777 0.18948 0.089769 0.15854 0.38794 0.90795 0.13721 0.902 -0.40935
1161.7 -179.04 740.85 -76.85 -0.97823 0.18924 0.085175 0.15426 0.38854 0.90843 0.13882 0.90179 -0.40927
1171.7 -178.67 742.03 -77.005 -0.9778 0.18952 0.089375 0.15766 0.38448 0.90957 0.13802 0.90347 -0.40583
1181.7 -173.43 752.14 -77.681 -0.98686 0.15337 0.050835 0.10264 0.35211 0.93031 0.12478 0.92331 -0.36323
1191.6 -178.5 743.4 -77 -0.97784 0.18972 0.088506 0.15653 0.38183 0.91088 0.13902 0.90455 -0.40306
1201.6 -178.78 743.24 -76.707 -0.9782 0.19007 0.083629 0.15279 0.38608 0.90972 0.14062 0.90267 -0.4067
1211.6 -172.74 755.14 -77.705 -0.98761 0.15076 0.043647 0.094396 0.34838 0.93259 0.12539 0.92515 -0.35829
1221.6 -178.41 744.93 -76.832 -0.97755 0.19175 0.087384 0.15682 0.38501 0.90949 0.14075 0.90277 -0.40644
1231.6 -178.32 745.53 -76.899 -0.9775 0.19196 0.087396 0.15707 0.38596 0.90905 0.14077 0.90232 -0.40742
1241.6 -172.63 756.83 -77.79 -0.98732 0.15268 0.043453 0.095429 0.3521 0.93108 0.12686 0.92342 -0.36221
1251.6 -178.26 746.61 -76.816 -0.97716 0.19358 0.087606 0.15838 0.38872 0.90764 0.14165 0.90079 -0.4105
1261.6 -178.6 746.84 -76.654 -0.97726 0.19481 0.083712 0.15561 0.39076 0.90724 0.14402 0.89964 -0.41219
1271.6 -172.57 758.95 -77.715 -0.98673 0.15582 0.045677 0.098585 0.35138 0.93103 0.12902 0.92318 -0.36208
1281.6 -178.54 748.59 -76.587 -0.97686 0.19637 0.08477 0.15683 0.38808 0.90819 0.14545 0.90046 -0.4099
1291.6 -178.52 749.66 -76.635 -0.97657 0.19705 0.086542 0.15837 0.38568 0.90894 0.14573 0.90134 -0.40785
1301.6 -178.52 751.27 -76.945 -0.97615 0.19799 0.088993 0.16031 0.38113 0.91052 0.14636 0.90307 -0.40378
1311.6 -178.39 751.06 -76.6 -0.9767 0.19678 0.085593 0.15746 0.38617 0.90889 0.1458 0.90119 -0.40815
1321.6 -178.48 751.79 -76.558 -0.97665 0.19717 0.085355 0.1575 0.38682 0.9086 0.14613 0.90083 -0.40885
1331.6 -178.46 752.23 -76.499 -0.97672 0.19694 0.085053 0.15766 0.39011 0.90717 0.14548 0.89946 -0.41208
1341.6 -178.38 753.02 -76.526 -0.97705 0.19585 0.083791 0.15621 0.39128 0.90692 0.14483 0.89919 -0.41289
1351.6 -178.45 753.75 -76.539 -0.97707 0.19574 0.083768 0.15632 0.39242 0.90641 0.14455 0.89872 -0.41402
1361.6 -178.44 754.68 -76.6 -0.97709 0.19546 0.084231 0.15649 0.39153 0.90676 0.14425 0.89917 -0.41314
1371.6 -178.39 755.59 -76.573 -0.97707 0.19501 0.085523 0.15737 0.39071 0.90696 0.14345 0.89962 -0.41243
1381.6 -178.36 756.7 -76.602 -0.97712 0.19447 0.086139 0.15732 0.38828 0.90801 0.14313 0.90079 -0.40999
1391.6 -178.35 757.89 -76.661 -0.97719 0.19402 0.086391 0.15685 0.38504 0.90947 0.14319 0.90228 -0.40669
1401.6 -178.25 758.86 -76.653 -0.97754 0.19253 0.085735 0.15533 0.3832 0.91051 0.14245 0.90338 -0.4045
1411.6 -178.24 759.88 -76.714 -0.97775 0.19157 0.085449 0.15441 0.38163 0.91133 0.14197 0.90425 -0.40272
1421.6 -178.25 760.56 -76.705 -0.97798 0.19058 0.085087 0.15378 0.38236 0.91113 0.14111 0.90414 -0.40325
1431.6 -178.19 761.04 -76.631 -0.97842 0.18923 0.083002 0.15165 0.38477 0.91047 0.14035 0.90341 -0.40516
1441.6 -177.99 762.69 -76.914 -0.97812 0.18915 0.086604 0.15441 0.38109 0.91155 0.13942 0.90498 -0.40196
1451.6 -178.11 763.51 -76.908 -0.97807 0.18925 0.086937 0.15472 0.38082 0.91161 0.13942 0.90507 -0.40175
1461.6 -178.4 763.81 -76.69 -0.97854 0.18859 0.083053 0.15121 0.38332 0.91115 0.14 0.90416 -0.40361
1471.6 -178.11 765.55 -76.884 -0.97833 0.18801 0.086691 0.15351 0.37782 0.91306 0.13891 0.90659 -0.39849
1481.6 -178.14 766.44 -76.82 -0.97838 0.18772 0.086759 0.15328 0.37666 0.91358 0.13882 0.90713 -0.39729
1491.6 -178.27 767.49 -76.821 -0.97836 0.18785 0.086753 0.15309 0.37513 0.91424 0.13919 0.90774 -0.39577
1501.6 -178.32 768.39 -76.828 -0.97849 0.18754 0.086005 0.15221 0.37476 0.91454 0.13928 0.90796 -0.39524
1511.6 -178.29 769.33 -76.898 -0.97862 0.18716 0.085332 0.15127 0.37375 0.91511 0.13938 0.90845 -0.39407
1521.6 -178.41 770.26 -76.908 -0.97852 0.18755 0.085642 0.15164 0.37321 0.91527 0.13969 0.90859 -0.39363
1531.6 -178.39 771.01 -76.888 -0.9786 0.1873 0.085195 0.15121 0.37381 0.9151 0.13955 0.9084 -0.39413
1541.6 -172.14 784.17 -77.643 -0.98907 0.14278 0.036783 0.082868 0.33198 0.93964 0.12195 0.93242 -0.34019
1551.6 -178.42 772.67 -76.886 -0.97839 0.18815 0.085691 0.15197 0.37346 0.91511 0.14018 0.90836 -0.39399
1561.6 -172.55 784.98 -77.568 -0.9884 0.1466 0.039691 0.08732 0.3347 0.93827 0.12426 0.93085 -0.34362
1571.6 -178.8 774.37 -76.912 -0.97813 0.19001 0.084652 0.15169 0.37306 0.91532 0.14234 0.90814 -0.39372
1581.6 -178.48 775.32 -76.903 -0.97803 0.19008 0.085616 0.15243 0.37187 0.91569 0.14221 0.90862 -0.39267
1591.6 -178.57 775.51 -76.744 -0.97859 0.1896 0.080041 0.14742 0.37441 0.91547 0.14361 0.90767 -0.39435
1601.6 -178.52 776.53 -76.792 -0.97841 0.19037 0.080494 0.14796 0.37317 0.91589 0.14432 0.90802 -0.39328
1611.6 -178.12 778.1 -77.039 -0.97785 0.19153 0.084454 0.15156 0.36952 0.91678 0.14438 0.90927 -0.39036
1621.6 -178.27 777.86 -76.709 -0.97802 0.19233 0.080523 0.14899 0.3745 0.91518 0.14586 0.90706 -0.39492
1631.6 -178.24 778.81 -76.793 -0.97755 0.19437 0.08131 0.15033 0.37303 0.91556 0.14763 0.90723 -0.39387
1641.6 -178.19 779.51 -76.777 -0.97707 0.19656 0.081853 0.15178 0.37335 0.91519 0.14933 0.90663 -0.39462
1651.6 -178.05 780.16 -76.721 -0.97662 0.19861 0.082331 0.15316 0.37397 0.91471 0.15088 0.90593 -0.39565
1661.6 -177.88 781.06 -76.739 -0.97622 0.20053 0.082319 0.15376 0.37291 0.91504 0.15279 0.90594 -0.39487
1671.6 -177.7 781.73 -76.705 -0.97568 0.20254 0.083817 0.15595 0.37268 0.91476 0.15404 0.90559 -0.3952
1681.6 -177.52 782.66 -76.683 -0.97528 0.20437 0.084006 0.15656 0.37085 0.9154 0.15592 0.90593 -0.39368
1691.6 -177.24 783.57 -76.698 -0.97487 0.20582 0.085294 0.15808 0.36922 0.9158 0.15699 0.90626 -0.39248
1701.6 -176.93 784.2 -76.64 -0.97463 0.20687 0.085448 0.15861 0.369 0.91579 0.15792 0.90611 -0.39245
1711.6 -176.63 785.16 -76.688 -0.97433 0.20813 0.085828 0.1591 0.3668 0.91659 0.15929 0.90672 -0.3905
1721.6 -176.38 785.72 -76.65 -0.97391 0.2098 0.086469 0.16046 0.36727 0.91617 0.16046 0.90614 -0.39135
1731.6 -176.16 787.22 -76.927 -0.97311 0.21219 0.089642 0.1637 0.36325 0.9172 0.16206 0.90721 -0.38821
1741.6 -175.76 787.14 -76.629 -0.97315 0.21285 0.087554 0.16255 0.36633 0.91618 0.16294 0.90581 -0.3911
1751.6 -175.44 787.88 -76.592 -0.97272 0.21418 0.089171 0.1645 0.36569 0.91609 0.16359 0.90576 -0.39094
1761.6 -174.79 789.36 -76.838 -0.97196 0.21527 0.094569 0.1692 0.36107 0.91706 0.16327 0.90735 -0.38737
1771.6 -174.88 789.57 -76.67 -0.97206 0.21641 0.090871 0.16652 0.36299 0.91679 0.16542 0.90631 -0.38888
1781.6 -174.66 790.21 -76.683 -0.97183 0.21742 0.09103 0.16706 0.36289 0.91673 0.16628 0.90611 -0.38899
1791.6 -174.48 790.73 -76.626 -0.97161 0.21837 0.091045 0.16761 0.3637 0.91631 0.16699 0.90556 -0.38998
1801.6 -174.26 791.31 -76.572 -0.97156 0.21881 0.09048 0.16741 0.36456 0.916 0.16745 0.9051 -0.39083
1811.6 -174.01 792.29 -76.699 -0.97146 0.21915 0.090769 0.16745 0.36257 0.91679 0.16801 0.90582 -0.38892
1821.6 -173.8 792.91 -76.671 -0.97137 0.21953 0.090781 0.16764 0.36271 0.9167 0.16832 0.90568 -0.38913
1831.6 -173.64 793.74 -76.65 -0.97111 0.22031 0.091641 0.16859 0.36171 0.91692 0.16886 0.90588 -0.38841
1841.6 -173.44 794.26 -76.6 -0.97115 0.22034 0.091242 0.16832 0.36227 0.91675 0.16894 0.90566 -0.3889
1851.6 -173.24 795.21 -76.644 -0.97106 0.22032 0.092173 0.16896 0.36101 0.91713 0.16879 0.90616 -0.3878
1861.6 -173.08 795.74 -76.61 -0.97115 0.22014 0.091645 0.16859 0.36207 0.91678 0.16864 0.90578 -0.38874
1871.6 -172.93 796.27 -76.535 -0.97129 0.2198 0.091031 0.1681 0.36333 0.91637 0.16834 0.90536 -0.38984
1881.6 -172.81 797.02 -76.502 -0.97142 0.21944 0.090446 0.1675 0.36384 0.91628 0.16816 0.90524 -0.3902
1891.6 -172.67 798.01 -76.547 -0.97152 0.21922 0.089982 0.16678 0.36281 0.91682 0.16834 0.90571 -0.38904
1901.6 -172.49 798.81 -76.497 -0.97174 0.21854 0.089248 0.16583 0.36291 0.91695 0.168 0.90583 -0.38889
1911.6 -172.27 799.75 -76.545 -0.97181 0.21816 0.089461 0.16578 0.36238 0.91717 0.16767 0.90614 -0.38833
1921.6 -172.02 800.83 -76.589 -0.97194 0.21764 0.089197 0.16495 0.36036 0.91811 0.16768 0.90707 -0.38615
1931.6 -171.77 801.39 -76.518 -0.97204 0.21733 0.088965 0.16488 0.36188 0.91753 0.16721 0.90654 -0.38759
1941.6 -171.71 802.4 -76.56 -0.97188 0.21804 0.088891 0.16501 0.36136 0.91771 0.16798 0.90658 -0.38718
1951.6 -171.47 803.55 -76.659 -0.97204 0.21768 0.088107 0.16391 0.36021 0.91836 0.16817 0.90712 -0.38582
1961.6 -171.33 804.48 -76.69 -0.97196 0.21806 0.087948 0.16391 0.36022 0.91835 0.16858 0.90702 -0.38587
1971.6 -171.14 805.21 -76.769 -0.97204 0.21817 0.086803 0.16314 0.36163 0.91794 0.16888 0.90643 -0.38711
1981.6 -171.07 805.98 -76.72 -0.97186 0.2193 0.086041 0.16316 0.36316 0.91733 0.16993 0.90555 -0.38872
1991.6 -170.84 806.78 -76.633 -0.97171 0.2201 0.085626 0.16335 0.36454 0.91675 0.17056 0.9048 -0.39018
2001.6 -170.7 807.84 -76.661 -0.97139 0.22147 0.085697 0.16381 0.36367 0.91701 0.17193 0.90482 -0.38955
2011.6 -170.4 808.77 -76.602 -0.97113 0.22227 0.086598 0.16486 0.36297 0.9171 0.17241 0.9049 -0.38914
2021.6 -169.97 809.95 -76.624 -0.97106 0.22223 0.087556 0.16524 0.36035 0.91806 0.17247 0.90596 -0.38664
2031.6 -169.65 811.09 -76.565 -0.9709 0.22237 0.088885 0.16617 0.35831 0.9187 0.17244 0.90673 -0.38484
2041.6 -169.42 812.5 -76.566 -0.9706 0.2229 0.090807 0.16764 0.35535 0.91958 0.17271 0.90777 -0.38227
2051.6 -168.91 813.3 -76.618 -0.97104 0.22133 0.090016 0.1664 0.35605 0.91953 0.17147 0.90788 -0.38256
2061.6 -168.51 814.02 -76.623 -0.97126 0.2208 0.088907 0.16545 0.35771 0.91906 0.17112 0.90735 -0.38396
2071.6 -168.23 814.71 -76.591 -0.97128 0.22133 0.087312 0.16456 0.35989 0.91837 0.17184 0.90636 -0.38598
2081.6 -167.95 815.62 -76.654 -0.97114 0.22218 0.086775 0.1646 0.36097 0.91793 0.17262 0.90572 -0.38713
2091.6 -167.72 816.62 -76.687 -0.97061 0.22382 0.088432 0.16675 0.36051 0.91773 0.17352 0.9055 -0.38724
2101.6 -167.34 817.6 -76.724 -0.97038 0.2245 0.089205 0.16759 0.35969 0.9179 0.17398 0.90566 -0.38667
2111.6 -166.92 818.88 -76.795 -0.97023 0.22453 0.090733 0.16858 0.35722 0.91868 0.17386 0.90663 -0.38444
2121.6 -166.36 819.72 -76.834 -0.97061 0.22296 0.090611 0.16771 0.35654 0.9191 0.17262 0.90728 -0.38346
2131.6 -165.74 820.59 -76.877 -0.97119 0.22101 0.08913 0.16552 0.35651 0.91951 0.17145 0.90778 -0.38282
2141.6 -165.36 821.57 -76.871 -0.97154 0.2204 0.086834 0.16311 0.35653 0.91994 0.1718 0.90791 -0.38233
2151.6 -164.99 822.3 -76.804 -0.97161 0.22046 0.085921 0.16246 0.35759 0.91964 0.17202 0.90748 -0.38325
2161.6 -164.68 823.18 -76.822 -0.9714 0.2214 0.085872 0.16278 0.35752 0.91961 0.1729 0.90728 -0.38333
2171.6 -164.32 824.15 -76.83 -0.97112 0.22253 0.086069 0.16336 0.35719 0.91963 0.1739 0.90714 -0.38323
2181.6 -163.9 824.69 -76.727 -0.97085 0.22342 0.086762 0.16469 0.35885 0.91875 0.17413 0.90626 -0.38519
2191.5 -163.55 825.66 -76.733 -0.9704 0.22468 0.088555 0.16665 0.35759 0.91889 0.17479 0.90645 -0.38445
2201.5 -163.04 826.85 -76.763 -0.9705 0.22424 0.088554 0.16609 0.35562 0.91975 0.17476 0.90733 -0.38238
2211.5 -162.54 827.8 -76.732 -0.97064 0.22371 0.088355 0.16554 0.35482 0.92016 0.1745 0.90778 -0.38144
2221.5 -161.79 828.62 -76.797 -0.97128 0.22126 0.087511 0.16367 0.35433 0.92069 0.1727 0.90857 -0.38036
2231.5 -161.25 829.68 -76.887 -0.97157 0.22 0.087491 0.1629 0.35298 0.92134 0.17181 0.9094 -0.37878
2241.5 -160.72 830.55 -76.875 -0.97192 0.2188 0.086608 0.16165 0.35333 0.92143 0.17101 0.90955 -0.37878
2251.5 -160.04 831.25 -76.939 -0.9724 0.21735 0.084829 0.15966 0.35475 0.92123 0.17014 0.90935 -0.37966
2261.5 -159.7 831.84 -76.905 -0.9721 0.21874 0.084653 0.16051 0.35724 0.92012 0.17103 0.90804 -0.38238
2271.5 -159.36 832.51 -76.876 -0.97176 0.22076 0.083311 0.16051 0.35965 0.91918 0.17296 0.9066 -0.38493
2281.5 -158.94 833.34 -76.877 -0.97135 0.22277 0.082745 0.16106 0.3611 0.91851 0.17474 0.90553 -0.38664
2291.5 -158.63 834.39 -76.839 -0.97056 0.22581 0.083756 0.16316 0.36069 0.9183 0.17715 0.90494 -0.38692
2301.5 -158.11 835.28 -76.756 -0.97003 0.22765 0.085008 0.16502 0.36033 0.91811 0.17838 0.90462 -0.3871
2311.5 -157.5 836.21 -76.721 -0.96976 0.22814 0.086696 0.1667 0.35973 0.91805 0.17826 0.90474 -0.38688
2321.5 -156.9 837.55 -76.714 -0.96964 0.2282 0.087917 0.16726 0.35659 0.91917 0.1784 0.90596 -0.38393
2331.5 -156.09 838.71 -76.713 -0.97008 0.22624 0.088068 0.16631 0.35498 0.91996 0.17686 0.90709 -0.38199
2341.5 -155.28 839.68 -76.675 -0.97073 0.22386 0.086995 0.16438 0.35519 0.92023 0.1751 0.90759 -0.38159
2351.5 -154.55 840.62 -76.705 -0.97135 0.22189 0.085098 0.1619 0.35571 0.92047 0.17397 0.90788 -0.38144
2361.5 -153.85 841.42 -76.664 -0.97199 0.2199 0.082927 0.15948 0.35798 0.92001 0.17262 0.90746 -0.38303
2371.5 -153.2 842.32 -76.683 -0.97232 0.21895 0.081628 0.15809 0.35915 0.91979 0.17207 0.90723 -0.38383
2381.5 -152.66 843.3 -76.695 -0.97232 0.219 0.081512 0.15823 0.36037 0.91929 0.17195 0.90674 -0.38505
2391.5 -152.14 844.22 -76.794 -0.97235 0.21928 0.080355 0.15752 0.36175 0.91887 0.17242 0.90612 -0.38629
2401.5 -151.77 844.88 -76.713 -0.97206 0.22086 0.079473 0.15798 0.36518 0.91743 0.1736 0.90436 -0.38987
2411.5 -151.44 845.88 -76.735 -0.97147 0.22327 0.079938 0.15957 0.36609 0.9168 0.17543 0.9034 -0.39128
2421.5 -151.09 846.97 -76.684 -0.97095 0.22536 0.080396 0.16091 0.36634 0.91646 0.17708 0.90278 -0.39196
2431.5 -150.61 848.2 -76.674 -0.97061 0.22664 0.080886 0.16162 0.36491 0.91691 0.17829 0.90304 -0.39082
2441.5 -149.89 849.23 -76.58 -0.97076 0.2257 0.081727 0.16182 0.36385 0.91729 0.1773 0.9037 -0.38974
2451.5 -149.11 850.44 -76.596 -0.97106 0.22385 0.083308 0.1621 0.36145 0.91819 0.17543 0.90512 -0.38727
2461.5 -148.09 851.37 -76.552 -0.97218 0.21937 0.082072 0.1592 0.36187 0.91854 0.1718 0.90605 -0.38672
2471.5 -147.19 852.75 -76.658 -0.97314 0.2155 0.080976 0.15619 0.35966 0.91992 0.16911 0.90786 -0.38366
2481.5 -146.3 853.56 -76.637 -0.9741 0.21157 0.079802 0.15386 0.36155 0.91957 0.1657 0.90803 -0.38474
2491.5 -145.26 855.1 -76.846 -0.9743 0.20952 0.082746 0.15541 0.35928 0.9202 0.16307 0.90941 -0.3826
2501.5 -144.84 855.29 -76.6 -0.97519 0.20759 0.076901 0.15008 0.36458 0.919 0.16274 0.90774 -0.38669
2511.5 -144.42 856.06 -76.526 -0.9751 0.20847 0.075647 0.14977 0.36747 0.9179 0.16356 0.90637 -0.38954
2521.5 -144.03 856.92 -76.452 -0.97468 0.2104 0.075713 0.15102 0.36965 0.91682 0.16492 0.90504 -0.39206
2531.5 -143.64 858.04 -76.432 -0.97416 0.21248 0.076568 0.15271 0.36989 0.91644 0.16641 0.90445 -0.39277
2541.5 -143.15 859.01 -76.29 -0.97376 0.21406 0.077326 0.15415 0.37033 0.91602 0.16744 0.9039 -0.39361
2551.5 -142.53 860.07 -76.202 -0.97357 0.2147 0.077841 0.15475 0.36951 0.91625 0.16795 0.90408 -0.39297
2561.5 -141.9 861.46 -76.126 -0.97351 0.21477 0.078392 0.15487 0.36723 0.91715 0.16819 0.905 -0.39076
2571.5 -141.05 862.69 -76.036 -0.97394 0.21301 0.077955 0.15342 0.36546 0.9181 0.16708 0.90613 -0.38861
2581.5 -140.07 863.9 -76.009 -0.97464 0.20985 0.077649 0.15151 0.36356 0.91917 0.16466 0.90763 -0.38614
2591.5 -139 865.18 -76.016 -0.97558 0.20565 0.077101 0.14894 0.36152 0.92039 0.1614 0.9094 -0.38332
2601.5 -137.91 866.33 -76.029 -0.9765 0.20145 0.076554 0.14659 0.36051 0.92117 0.15797 0.91074 -0.38157
2611.5 -137 867.17 -75.973 -0.97724 0.19845 0.07501 0.1441 0.36138 0.92122 0.15571 0.91106 -0.38175
2621.5 -136.19 868.04 -75.906 -0.97771 0.19681 0.073194 0.14197 0.36272 0.92102 0.15472 0.91088 -0.38258
2631.5 -135.49 868.81 -75.867 -0.97793 0.1965 0.070978 0.1401 0.36478 0.92049 0.15498 0.91012 -0.38426
2641.5 -134.93 869.64 -75.77 -0.97774 0.19783 0.06988 0.13987 0.36632 0.91992 0.15639 0.90922 -0.38583
2651.5 -134.36 870.37 -75.615 -0.9773 0.19994 0.070013 0.14116 0.36816 0.91899 0.15797 0.90801 -0.38802
2661.5 -133.87 871.43 -75.528 -0.97662 0.20304 0.070693 0.14293 0.36755 0.91895 0.1606 0.90757 -0.38798
2671.5 -133.33 872.49 -75.403 -0.97595 0.20581 0.071899 0.14496 0.36632 0.91913 0.16283 0.90744 -0.38734
2681.5 -132.63 873.41 -75.293 -0.9755 0.20741 0.073428 0.14684 0.36518 0.91929 0.16385 0.90754 -0.38668
2691.5 -131.77 874.6 -75.225 -0.97542 0.20726 0.07484 0.14754 0.36198 0.92044 0.16368 0.90885 -0.38366
2701.5 -130.79 875.55 -75.172 -0.97577 0.20554 0.07501 0.14679 0.36072 0.92105 0.16226 0.90974 -0.38215
2711.5 -129.78 876.62 -75.156 -0.9763 0.2031 0.074793 0.14542 0.35962 0.9217 0.1603 0.91073 -0.38063
2721.5 -128.79 877.49 -75.193 -0.97695 0.20041 0.07356 0.14319 0.35959 0.92206 0.15834 0.91133 -0.38
2731.5 -127.88 878.04 -75.14 -0.97753 0.19832 0.07147 0.14083 0.36211 0.92144 0.15686 0.9108 -0.3819
2741.5 -127.23 878.7 -75.096 -0.97767 0.1983 0.069551 0.13934 0.36399 0.92092 0.15731 0.91005 -0.3835
2751.5 -126.61 879.54 -75.113 -0.97763 0.19914 0.067685 0.13809 0.36495 0.92073 0.15865 0.90948 -0.38428
2761.5 -126.11 880.08 -75.041 -0.97724 0.20117 0.067384 0.13896 0.36694 0.91981 0.16031 0.90823 -0.38654
2771.5 -125.61 880.95 -74.977 -0.97661 0.20395 0.068151 0.14084 0.36717 0.91943 0.1625 0.90752 -0.38731
2781.5 -125.11 881.68 -74.894 -0.97593 0.20665 0.06965 0.14332 0.36708 0.91908 0.16436 0.90694 -0.38787
2791.5 -124.4 882.43 -74.807 -0.9755 0.20823 0.070997 0.14503 0.36599 0.91925 0.16543 0.90702 -0.38722
2801.5 -123.66 883.39 -74.738 -0.97523 0.20894 0.072615 0.1464 0.36358 0.91999 0.16582 0.90783 -0.38517
2811.5 -122.72 883.96 -74.611 -0.97555 0.20771 0.071783 0.14512 0.36358 0.92019 0.16503 0.90811 -0.38484
2821.5 -121.84 884.92 -74.612 -0.97578 0.2065 0.072213 0.1446 0.3611 0.92125 0.16416 0.90938 -0.38221
2831.5 -120.86 885.64 -74.579 -0.97629 0.20434 0.071429 0.14286 0.36033 0.92182 0.16263 0.91017 -0.38098
2841.5 -119.86 886.2 -74.559 -0.97686 0.20202 0.070213 0.14085 0.36061 0.92202 0.16095 0.91057 -0.38072
2851.5 -118.92 886.79 -74.587 -0.97727 0.20031 0.069423 0.13942 0.36058 0.92225 0.15971 0.91097 -0.38031
2861.5 -118.2 887.31 -74.539 -0.97723 0.20055 0.069324 0.13961 0.36166 0.9218 0.1598 0.91048 -0.38142
2871.5 -117.43 887.67 -74.485 -0.97725 0.20109 0.067442 0.13837 0.36346 0.92127 0.16074 0.90965 -0.38302
2881.5 -116.82 888.28 -74.525 -0.97672 0.20338 0.068211 0.14004 0.36366 0.92095 0.1625 0.90906 -0.38367
2891.5 -116.16 888.75 -74.459 -0.9762 0.20573 0.068627 0.14154 0.36461 0.92034 0.16432 0.90815 -0.38505
2901.5 -115.46 889.49 -74.538 -0.97562 0.208 0.070017 0.14355 0.36344 0.92049 0.16602 0.9081 -0.38444
2911.5 -114.63 890.02 -74.512 -0.97514 0.20967 0.071749 0.14582 0.3633 0.92019 0.16687 0.90777 -0.38484
2921.5 -113.94 890.57 -74.478 -0.97459 0.21179 0.072923 0.14769 0.36283 0.92008 0.16841 0.90747 -0.38489
2931.5 -112.93 890.64 -74.366 -0.97468 0.21204 0.070968 0.14636 0.36505 0.91941 0.16905 0.90652 -0.38684
2941.5 -112.18 891.02 -74.287 -0.97438 0.21362 0.070344 0.14661 0.36613 0.91894 0.17055 0.90571 -0.38807
2951.5 -111.41 891.48 -74.217 -0.97403 0.21522 0.070363 0.14732 0.36638 0.91873 0.17195 0.90523 -0.38857
2961.5 -110.58 891.98 -74.171 -0.97379 0.2164 0.070081 0.14754 0.3664 0.91868 0.17313 0.90494 -0.38873
2971.5 -109.8 892.39 -74.091 -0.97346 0.21799 0.06962 0.14789 0.36713 0.91834 0.17463 0.90426 -0.38963
2981.5 -109.06 892.93 -74.059 -0.97304 0.21991 0.069504 0.14854 0.36703 0.91827 0.17642 0.90384 -0.3898
2991.5 -108.16 893.54 -74.068 -0.97279 0.22063 0.070738 0.14987 0.36639 0.91831 0.17669 0.90392 -0.38949
3001.5 -107.03 894.11 -74.053 -0.97296 0.21943 0.072085 0.15055 0.36583 0.91842 0.17516 0.90444 -0.38898
3011.5 -105.8 894.91 -74.11 -0.9733 0.21695 0.07495 0.15175 0.3632 0.91927 0.17222 0.9061 -0.38643
3021.5 -104.37 895.29 -74.044 -0.9742 0.21227 0.076672 0.15153 0.36342 0.91922 0.16726 0.90712 -0.38621
3031.5 -102.81 895.97 -74.144 -0.97555 0.20592 0.076777 0.14877 0.36162 0.92038 0.16176 0.9093 -0.38341
3041.5 -101.3 896.53 -74.204 -0.97684 0.19962 0.077086 0.14649 0.36122 0.9209 0.15599 0.91086 -0.38209
3051.5 -99.943 897.11 -74.258 -0.97804 0.19423 0.075583 0.14289 0.36088 0.9216 0.15173 0.91216 -0.3807
3061.5 -98.666 897.49 -74.261 -0.97904 0.19006 0.073219 0.13919 0.36193 0.92176 0.14869 0.91263 -0.3808
3071.5 -97.74 897.96 -74.257 -0.97927 0.1892 0.072292 0.13813 0.36281 0.92157 0.14813 0.91245 -0.38142
3081.5 -96.888 898.46 -74.233 -0.97914 0.19018 0.071587 0.13793 0.3633 0.92141 0.14923 0.91205 -0.38195
3091.5 -96.266 898.87 -74.12 -0.97842 0.19357 0.072258 0.14006 0.36423 0.92072 0.1519 0.91097 -0.38348
3101.5 -95.558 899.5 -74.092 -0.97763 0.19698 0.073745 0.14272 0.36372 0.92051 0.1545 0.91044 -0.3837
3111.5 -94.748 900.02 -74.108 -0.97694 0.19981 0.075333 0.14532 0.36361 0.92015 0.15646 0.90987 -0.38426
3121.5 -93.931 900.53 -74.095 -0.97628 0.2024 0.07691 0.14778 0.36327 0.91989 0.15825 0.90943 -0.38456
3131.5 -93.118 900.92 -74.069 -0.97572 0.2048 0.077598 0.14949 0.36388 0.91937 0.16005 0.90865 -0.38566
3141.5 -92.202 901.38 -74.085 -0.97549 0.20582 0.077874 0.15011 0.3636 0.91938 0.16091 0.90853 -0.38559
3151.5 -91.232 901.8 -74.087 -0.97542 0.20624 0.077614 0.14998 0.36332 0.91951 0.16144 0.90855 -0.38532
3161.5 -90.16 902.3 -74.08 -0.9755 0.20592 0.077434 0.1496 0.36284 0.91977 0.1613 0.90882 -0.38475
3171.5 -88.985 902.64 -74.114 -0.97577 0.20481 0.077024 0.14877 0.36282 0.91991 0.16046 0.90907 -0.3845
3181.4 -87.925 903.08 -74.15 -0.9756 0.205 0.078658 0.15019 0.36171 0.92011 0.16017 0.90947 -0.38367
3191.4 -86.918 903.37 -74.105 -0.97537 0.2058 0.079418 0.15129 0.36207 0.91979 0.16054 0.90915 -0.38429
3201.4 -86.014 903.79 -74.105 -0.97495 0.20745 0.080195 0.15257 0.36146 0.91982 0.16183 0.90902 -0.38406
3211.4 -85.123 904.13 -74.044 -0.97445 0.20911 0.081974 0.15487 0.36124 0.91952 0.16267 0.90872 -0.3844
3221.4 -84.164 904.64 -74.025 -0.97406 0.21022 0.083751 0.15671 0.35968 0.91982 0.16324 0.90909 -0.3833
3231.4 -83.114 905.09 -74 -0.97384 0.21037 0.085846 0.15855 0.35855 0.91995 0.16275 0.9095 -0.38253
3241.4 -82.001 905.43 -74 -0.97397 0.20919 0.08729 0.15926 0.3575 0.92024 0.1613 0.91018 -0.38151
3251.4 -80.937 905.93 -74.022 -0.97418 0.20808 0.087647 0.15892 0.35614 0.92082 0.16039 0.91097 -0.38001
3261.4 -79.821 906.19 -74.024 -0.97469 0.2062 0.086347 0.15696 0.35624 0.92112 0.15917 0.91136 -0.37959
3271.4 -78.377 907.05 -74.195 -0.97453 0.20525 0.090349 0.15992 0.3536 0.92163 0.15722 0.9126 -0.37742
3281.4 -77.675 906.51 -73.913 -0.97536 0.20372 0.084676 0.15474 0.35817 0.92074 0.15724 0.91116 -0.38087
3291.4 -76.363 907.7 -74.178 -0.97463 0.20433 0.091332 0.1604 0.35308 0.92174 0.15609 0.91301 -0.3769
3301.4 -75.703 907.45 -73.952 -0.97491 0.20416 0.088765 0.15834 0.35564 0.92111 0.15648 0.91205 -0.37904
3311.4 -74.674 907.73 -73.93 -0.97467 0.20427 0.091069 0.16045 0.35494 0.92102 0.15582 0.9123 -0.37872
3321.4 -73.677 908.03 -73.97 -0.97445 0.20444 0.092978 0.16218 0.35414 0.92102 0.15537 0.91257 -0.37824
3331.4 -72.687 908.22 -73.947 -0.97429 0.20471 0.094056 0.16333 0.35428 0.92077 0.15517 0.91246 -0.37861
3341.4 -71.904 908.55 -73.947 -0.97402 0.20597 0.094113 0.16385 0.35413 0.92073 0.15632 0.91223 -0.37868
3351.4 -71.088 908.62 -73.912 -0.97373 0.20716 0.094543 0.16486 0.3549 0.92026 0.15709 0.91166 -0.37972
3361.4 -70.235 908.83 -73.892 -0.97349 0.20829 0.094513 0.16533 0.35524 0.92004 0.15806 0.91127 -0.38026
3371.4 -69.559 908.94 -73.793 -0.97309 0.21051 0.093727 0.16568 0.35646 0.9195 0.16015 0.91029 -0.38175
3381.4 -68.969 909.2 -73.762 -0.97252 0.21318 0.093616 0.16661 0.3563 0.9194 0.16264 0.90973 -0.38203
3391.4 -68.532 909.79 -73.865 -0.97173 0.21739 0.092051 0.16635 0.35385 0.92039 0.16751 0.90969 -0.38001
3401.4 -68.262 909.98 -73.755 -0.97056 0.2229 0.0913 0.16795 0.35451 0.91984 0.17267 0.90809 -0.38151
3411.4 -67.907 910.1 -73.688 -0.96943 0.22792 0.09088 0.16971 0.35532 0.91921 0.17721 0.90653 -0.38314
3421.4 -67.463 910.36 -73.688 -0.96841 0.23213 0.091065 0.17143 0.35458 0.91918 0.18108 0.90575 -0.38317
3431.4 -66.831 910.54 -73.661 -0.96771 0.2345 0.092447 0.17351 0.35368 0.91913 0.18285 0.90549 -0.38295
3441.4 -65.713 910.73 -73.717 -0.96783 0.23312 0.094646 0.17479 0.35242 0.91937 0.18096 0.90634 -0.38183
3451.4 -64.478 910.98 -73.798 -0.9684 0.2297 0.097138 0.17534 0.35009 0.92016 0.17736 0.90812 -0.3793
3461.4 -63.078 911.08 -73.846 -0.96949 0.22441 0.098605 0.1745 0.34939 0.92058 0.17214 0.90971 -0.37789
3471.4 -61.596 911.14 -73.948 -0.97098 0.21797 0.098419 0.17169 0.3488 0.92134 0.16649 0.9115 -0.3761
3481.4 -60.302 911.21 -73.979 -0.97224 0.21272 0.097475 0.16862 0.34813 0.92216 0.16223 0.91299 -0.37434
3491.4 -59.048 911.37 -74.036 -0.97335 0.20825 0.095984 0.16525 0.34681 0.92326 0.15898 0.91452 -0.37198
3501.4 -57.963 911.31 -73.961 -0.97396 0.20571 0.095358 0.16371 0.34704 0.92345 0.15687 0.91501 -0.37168
3511.4 -57.027 911.29 -73.888 -0.97408 0.20518 0.095198 0.16329 0.34665 0.92367 0.15652 0.91528 -0.37117
3521.4 -56.212 911.54 -73.901 -0.97379 0.20622 0.095973 0.16412 0.34489 0.92419 0.15748 0.91571 -0.36969
3531.4 -55.442 911.52 -73.76 -0.97324 0.20806 0.097569 0.16633 0.34484 0.92381 0.15856 0.91531 -0.37022
3541.4 -54.426 912.19 -73.951 -0.97223 0.20983 0.10366 0.17219 0.34134 0.92403 0.1585 0.91622 -0.36799
3551.4 -53.391 912.19 -73.872 -0.97209 0.20958 0.10548 0.17382 0.34132 0.92374 0.15759 0.91629 -0.36822
3561.4 -52.422 912.18 -73.901 -0.97198 0.20926 0.10703 0.17521 0.34154 0.92339 0.15668 0.91627 -0.36864
3571.4 -51.474 911.5 -73.661 -0.97274 0.20751 0.10351 0.17186 0.34543 0.92257 0.15568 0.91522 -0.37168
3581.4 -50.376 911.46 -73.769 -0.97303 0.2062 0.10346 0.17157 0.34701 0.92204 0.15423 0.91491 -0.37303
3591.4 -49.318 911.32 -73.77 -0.97338 0.20472 0.10307 0.17086 0.34837 0.92165 0.15278 0.91473 -0.37408
3601.4 -48.416 911.76 -73.851 -0.97364 0.20361 0.10279 0.16971 0.34564 0.92289 0.15238 0.91601 -0.37109
3611.4 -47.322 911.85 -73.905 -0.97415 0.20175 0.10163 0.16784 0.34523 0.92339 0.15121 0.91658 -0.37017
3621.4 -46.367 911.98 -73.899 -0.97433 0.2007 0.10197 0.16766 0.34464 0.92364 0.15024 0.91703 -0.36944
3631.4 -45.097 911.52 -73.848 -0.97511 0.19792 0.099935 0.16506 0.34708 0.9232 0.14804 0.91671 -0.37111
3641.4 -44.26 911.76 -73.861 -0.97505 0.19809 0.10023 0.16521 0.34591 0.92361 0.14829 0.91712 -0.37001
3651.4 -43.379 911.77 -73.842 -0.975 0.19837 0.10013 0.16531 0.34639 0.92341 0.14849 0.91688 -0.37052
3661.4 -42.488 911.85 -73.783 -0.97488 0.19867 0.10075 0.16595 0.34605 0.92342 0.14859 0.91694 -0.37032
3671.4 -41.678 912.06 -73.771 -0.97466 0.19937 0.10148 0.1667 0.34476 0.92377 0.14919 0.91728 -0.36925
3681.4 -40.633 912.01 -73.725 -0.97486 0.19824 0.10171 0.16652 0.34497 0.92372 0.14803 0.91744 -0.36931
3691.4 -39.683 912.14 -73.726 -0.97496 0.19756 0.10205 0.16645 0.34412 0.92405 0.14744 0.9179 -0.36839
3701.4 -38.545 912.88 -73.944 -0.97472 0.19694 0.10558 0.16903 0.34078 0.92483 0.14616 0.91929 -0.36545
3711.4 -37.781 912.17 -73.772 -0.97545 0.19562 0.10112 0.16493 0.34475 0.92409 0.14591 0.91808 -0.36855
3721.4 -36.699 912.92 -74.085 -0.97523 0.19541 0.10364 0.16671 0.34142 0.92501 0.14538 0.91938 -0.36554
3731.4 -35.889 911.85 -73.833 -0.97597 0.19433 0.098591 0.1625 0.34758 0.92346 0.14519 0.91729 -0.3708
3741.4 -34.959 912.01 -73.949 -0.97598 0.19415 0.098813 0.16244 0.34636 0.92393 0.14516 0.91779 -0.36958
3751.4 -33.908 912.04 -74.094 -0.97598 0.19394 0.099244 0.16278 0.3464 0.92386 0.14479 0.91782 -0.36965
3761.4 -32.866 912 -74.111 -0.97588 0.19365 0.10076 0.16411 0.34639 0.92363 0.14396 0.91788 -0.36982
3771.4 -31.857 912.08 -74.143 -0.97588 0.19341 0.10126 0.16435 0.34554 0.9239 0.1437 0.91826 -0.36899
3781.4 -30.929 912 -74.092 -0.97598 0.19307 0.10089 0.16385 0.34542 0.92403 0.14356 0.91837 -0.36876
3791.4 -30.102 912.02 -74.101 -0.97591 0.19379 0.1002 0.1634 0.34497 0.92428 0.14455 0.91839 -0.36833
3801.4 -29.327 912.12 -74.103 -0.97586 0.1951 0.098136 0.16181 0.34413 0.92487 0.14667 0.91843 -0.36739
3811.4 -28.618 912.04 -74.053 -0.97547 0.19728 0.097721 0.16224 0.34413 0.9248 0.14881 0.91796 -0.36769
3821.4 -27.795 911.93 -74.022 -0.97532 0.19838 0.096982 0.16204 0.34459 0.92466 0.15002 0.91755 -0.36823
3831.4 -26.985 911.92 -73.953 -0.97498 0.19982 0.0974 0.16301 0.34477 0.92443 0.15114 0.91717 -0.36872
3841.4 -26.148 911.99 -73.97 -0.97465 0.20105 0.098199 0.16414 0.3442 0.92444 0.15206 0.91712 -0.36847
3851.4 -25.126 912.65 -74.199 -0.97389 0.20212 0.10335 0.16893 0.34117 0.9247 0.15164 0.91802 -0.3664
3861.4 -24.26 911.66 -73.895 -0.97446 0.20105 0.10007 0.16632 0.34666 0.92312 0.15091 0.91619 -0.37125
3871.4 -23.092 912.6 -74.171 -0.97415 0.20056 0.10394 0.16898 0.34165 0.92451 0.14991 0.91818 -0.36671
3881.4 -22.2 912.15 -74.091 -0.97487 0.19864 0.10082 0.16553 0.3431 0.9246 0.14907 0.91805 -0.36736
3891.4 -21.058 912.06 -74.145 -0.97539 0.19635 0.10033 0.16438 0.34421 0.92439 0.14697 0.91813 -0.36801
3901.4 -19.993 912.03 -74.164 -0.97594 0.19402 0.099507 0.16271 0.34421 0.92468 0.14516 0.91863 -0.3675
3911.4 -18.881 912 -74.193 -0.97646 0.19141 0.099414 0.16165 0.34427 0.92485 0.1428 0.91915 -0.36711
3921.4 -17.798 911.85 -74.192 -0.97701 0.18896 0.098677 0.16011 0.34483 0.92491 0.14075 0.91945 -0.36716
3931.4 -16.896 911.83 -74.125 -0.97733 0.18781 0.097758 0.15869 0.34412 0.92542 0.14016 0.91995 -0.36613
3941.4 -16.145 911.93 -74.166 -0.97715 0.18863 0.098 0.15906 0.34302 0.92576 0.14101 0.92019 -0.36519
3951.4 -15.378 911.78 -74.154 -0.97699 0.18959 0.097708 0.15916 0.3431 0.92572 0.14198 0.91997 -0.36538
3961.4 -14.781 911.6 -74.107 -0.97645 0.192 0.09836 0.1607 0.34322 0.92541 0.14392 0.91942 -0.36599
3971.4 -14.104 911.41 -74.049 -0.97596 0.19391 0.099467 0.16249 0.3433 0.92506 0.14523 0.91899 -0.36656
3981.4 -13.454 911.39 -74.037 -0.97553 0.1957 0.10023 0.16383 0.34293 0.92497 0.14664 0.91875 -0.3666
3991.4 -12.711 911.21 -74.022 -0.97529 0.19618 0.10165 0.16535 0.34291 0.9247 0.14655 0.91866 -0.36687
4001.4 -11.743 910.92 -73.968 -0.97556 0.1946 0.10201 0.16524 0.3438 0.92439 0.14482 0.91866 -0.36756
4011.4 -10.651 911.52 -74.184 -0.97542 0.19295 0.10641 0.16816 0.33975 0.92536 0.14239 0.92051 -0.36384
4021.4 -9.7407 910.77 -74.034 -0.97657 0.18959 0.10187 0.16298 0.34225 0.92537 0.14057 0.92028 -0.36513
4031.4 -8.7157 910.61 -74.06 -0.9772 0.18662 0.10124 0.16129 0.34249 0.92557 0.13806 0.9208 -0.36479
4041.4 -7.6472 910.29 -74.13 -0.97774 0.1839 0.10104 0.16022 0.34343 0.92541 0.13548 0.921 -0.36525
4051.4 -6.7574 910.68 -74.195 -0.97751 0.18324 0.10441 0.16266 0.33993 0.92628 0.13424 0.92243 -0.36209
4061.4 -5.7564 909.96 -74.215 -0.9786 0.17963 0.1004 0.1579 0.34255 0.92614 0.13197 0.92217 -0.36358
4071.4 -4.7729 909.71 -74.292 -0.97895 0.1774 0.10092 0.1575 0.34217 0.92635 0.1298 0.92274 -0.3629
4081.4 -3.5812 909 -74.283 -0.9797 0.17419 0.099181 0.15492 0.34403 0.92609 0.1272 0.92266 -0.36403
4091.4 -2.8303 908.94 -74.383 -0.97988 0.17419 0.097451 0.15303 0.34216 0.9271 0.12815 0.92336 -0.36193
4101.4 -2.2956 908.6 -74.271 -0.97975 0.17545 0.096515 0.1526 0.34208 0.9272 0.12966 0.92315 -0.36192
4111.4 -1.7739 908.29 -74.208 -0.97943 0.17763 0.095706 0.15263 0.34199 0.92723 0.13197 0.92276 -0.36206
4121.4 -1.2253 908.04 -74.173 -0.97904 0.17974 0.095757 0.15335 0.34126 0.92737 0.13401 0.92262 -0.36167
4131.4 -0.51566 907.5 -74.017 -0.97884 0.18065 0.096122 0.15424 0.34269 0.9267 0.13447 0.92192 -0.3633
4141.4 0.26469 907.03 -73.922 -0.97866 0.18096 0.097346 0.15566 0.34364 0.92611 0.13413 0.9215 -0.36447
4151.4 1.1231 906.7 -73.959 -0.97861 0.18049 0.098728 0.15682 0.34382 0.92585 0.13316 0.92153 -0.36477
4161.4 2.0736 906.37 -73.963 -0.97872 0.1792 0.10001 0.15754 0.34378 0.92574 0.13151 0.92179 -0.36469
4171.4 3.0869 905.92 -73.97 -0.97897 0.17711 0.10128 0.15803 0.34423 0.92549 0.12905 0.92203 -0.36498
4181.4 4.1927 905.57 -73.989 -0.97946 0.17431 0.1014 0.157 0.34357 0.92591 0.12656 0.92281 -0.36387
4191.3 5.3189 905.24 -74.024 -0.97986 0.17156 0.10215 0.15663 0.34311 0.92614 0.12384 0.92349 -0.36307
4201.3 6.4522 904.51 -73.939 -0.98029 0.16886 0.10255 0.15622 0.34477 0.9256 0.12094 0.92337 -0.36435
4211.3 7.575 904.16 -74.008 -0.98068 0.16675 0.10228 0.1551 0.34421 0.92599 0.1192 0.92397 -0.36342
4221.3 8.6633 904.1 -74.271 -0.98074 0.16552 0.10365 0.15566 0.34201 0.92671 0.11794 0.925 -0.36119
4231.3 9.7946 903.64 -74.358 -0.98097 0.16415 0.10372 0.15526 0.34228 0.92668 0.11661 0.92515 -0.36125
4241.3 10.728 903.26 -74.404 -0.98082 0.16466 0.10427 0.15595 0.34213 0.92662 0.1169 0.92511 -0.36125
4251.3 11.763 903.47 -74.632 -0.98006 0.16678 0.10803 0.15986 0.33882 0.92717 0.11803 0.92595 -0.35872
4261.3 12.548 903 -74.591 -0.97955 0.16924 0.10884 0.16159 0.33936 0.92667 0.11989 0.92531 -0.35977
4271.3 13.452 902.7 -74.554 -0.97904 0.17091 0.11074 0.16381 0.33781 0.92685 0.121 0.92557 -0.35873
4281.3 14.434 902.29 -74.416 -0.97845 0.17269 0.11322 0.16677 0.3375 0.92644 0.12178 0.92535 -0.35902
4291.3 15.475 901.98 -74.368 -0.97791 0.17392 0.11595 0.16964 0.33624 0.92637 0.12213 0.92558 -0.35832
4301.3 16.552 901.51 -74.299 -0.97752 0.17446 0.11837 0.17211 0.33605 0.92598 0.12177 0.92554 -0.35852
4311.3 17.467 900.05 -73.982 -0.97793 0.17394 0.11578 0.17019 0.34162 0.9243 0.12122 0.9236 -0.36369
4321.3 18.701 899.71 -74.165 -0.97806 0.17274 0.11647 0.17035 0.34118 0.92443 0.11995 0.92399 -0.36312
4331.3 19.947 899.09 -74.146 -0.97823 0.17114 0.1174 0.17079 0.34246 0.92388 0.11791 0.92381 -0.36423
4341.3 21.126 898.78 -74.307 -0.97853 0.16959 0.11711 0.16985 0.34179 0.9243 0.11672 0.92435 -0.36326
4351.3 22.365 897.92 -74.292 -0.97874 0.16802 0.11763 0.17006 0.3442 0.92337 0.11466 0.92374 -0.36546
4361.3 23.54 897.49 -74.373 -0.97891 0.16647 0.11843 0.17019 0.34382 0.92349 0.11301 0.92416 -0.3649
4371.3 24.691 897.02 -74.472 -0.97897 0.1659 0.1187 0.17025 0.34397 0.92342 0.11237 0.92421 -0.36498
