3762.4 -178.87 740.58 -76.516 -0.97059 0.23728 -0.040777 0.057607 0.39333 0.91759 0.23376 0.88825 -0.39543
3772.4 -174.37 735.96 -77.001 -0.97587 0.20992 -0.060048 0.032975 0.41357 0.90987 0.21583 0.88594 -0.41052
3782.4 -174.26 735.8 -76.975 -0.97581 0.21012 -0.060363 0.032717 0.41337 0.90998 0.21615 0.88599 -0.41024
3792.4 -174.35 736 -77.053 -0.97565 0.21079 -0.060637 0.032188 0.41106 0.91104 0.21696 0.8869 -0.40783
3802.4 -177.92 739.57 -76.575 -0.97131 0.23311 -0.047073 0.050108 0.39411 0.9177 0.23247 0.88901 -0.39449
3812.4 -174.28 735.49 -76.937 -0.9758 0.20903 -0.064146 0.028433 0.41219 0.91065 0.21679 0.88679 -0.40816
3822.4 -174.3 735.37 -76.923 -0.97591 0.20779 -0.066472 0.025759 0.41231 0.91068 0.21664 0.88703 -0.40773
3832.4 -174.3 735.45 -76.983 -0.97606 0.20635 -0.068806 0.022676 0.41112 0.9113 0.21634 0.88792 -0.40596
3842.4 -174.28 735.4 -76.97 -0.97628 0.20451 -0.071103 0.019649 0.41072 0.91155 0.21563 0.88853 -0.40499
3852.4 -174.33 735.48 -77.012 -0.97633 0.20301 -0.074583 0.015623 0.41014 0.91189 0.21571 0.88914 -0.4036
3862.4 -174.37 735.35 -76.96 -0.9764 0.20167 -0.077342 0.012658 0.41089 0.9116 0.21562 0.8891 -0.40375
3872.4 -170.24 747.68 -78.215 -0.97798 0.16563 -0.12694 -0.058348 0.36698 0.9284 0.20036 0.91536 -0.34924
3882.4 -174.32 735.33 -76.986 -0.9763 0.19956 -0.083816 0.005806 0.41125 0.91151 0.21637 0.88941 -0.40266
3892.4 -174.3 735.16 -76.955 -0.97612 0.19959 -0.085748 0.004387 0.41277 0.91082 0.21718 0.8887 -0.40379
3902.4 -174.25 735.22 -76.913 -0.97591 0.20049 -0.086003 0.004578 0.41295 0.91074 0.21811 0.88841 -0.40392
3912.4 -174.26 735.21 -76.935 -0.97563 0.20233 -0.084905 0.006361 0.41287 0.91077 0.21932 0.88803 -0.4041
3922.4 -174.25 735.45 -76.994 -0.9753 0.20468 -0.083004 0.008826 0.41162 0.91131 0.2207 0.88807 -0.40326
3932.4 -174.09 735.38 -76.977 -0.97507 0.20602 -0.082388 0.01019 0.4125 0.9109 0.22165 0.88736 -0.40431
3942.4 -174.01 735.44 -76.939 -0.97478 0.2078 -0.081435 0.01182 0.41243 0.91091 0.22287 0.88697 -0.40448
3952.4 -173.95 735.29 -76.906 -0.97443 0.20928 -0.081775 0.012461 0.41373 0.91032 0.22434 0.88602 -0.40575
3962.4 -173.79 735.46 -76.937 -0.97421 0.20998 -0.082579 0.011946 0.41347 0.91044 0.22532 0.88597 -0.40532
3972.4 -173.73 735.47 -76.932 -0.97381 0.21137 -0.083707 0.011562 0.41377 0.91031 0.22705 0.8855 -0.40537
3982.4 -173.66 735.4 -76.93 -0.97344 0.21298 -0.083947 0.012125 0.41414 0.91013 0.22861 0.88494 -0.40573
3992.4 -173.64 735.89 -77.123 -0.97297 0.21494 -0.084447 0.011505 0.41034 0.91186 0.23065 0.88624 -0.40172
4002.4 -173.64 736.07 -77.153 -0.9726 0.21688 -0.083705 0.012604 0.40874 0.91257 0.23213 0.88651 -0.40027
4012.4 -173.5 736.01 -77.135 -0.97243 0.21779 -0.083378 0.013191 0.40832 0.91274 0.23283 0.88648 -0.39994
4022.4 -173.5 736.12 -77.206 -0.97215 0.21926 -0.082735 0.013849 0.40618 0.91369 0.23394 0.8871 -0.39791
4032.4 -173.43 735.96 -77.155 -0.97202 0.21997 -0.082422 0.014362 0.40587 0.91382 0.23446 0.88706 -0.39767
4042.4 -173.41 735.83 -77.157 -0.97188 0.22056 -0.082419 0.014247 0.40448 0.91444 0.23503 0.88755 -0.39625
4052.4 -173.42 735.85 -77.159 -0.97181 0.22101 -0.082064 0.0142 0.40233 0.91538 0.23533 0.88842 -0.39413
4062.4 -173.43 735.76 -77.156 -0.9718 0.2212 -0.081652 0.014071 0.40008 0.91637 0.23537 0.88938 -0.39191
4072.4 -173.39 735.57 -77.188 -0.97197 0.22062 -0.081261 0.013738 0.39833 0.91714 0.23471 0.89031 -0.3902
4082.3 -173.43 735.58 -77.188 -0.97213 0.22001 -0.080953 0.013087 0.3957 0.91829 0.23407 0.89164 -0.38755
4092.3 -173.47 735.4 -77.157 -0.97237 0.21896 -0.080917 0.012141 0.3936 0.9192 0.23312 0.89282 -0.38539
4102.3 -173.49 735.3 -77.163 -0.9727 0.21747 -0.080972 0.010984 0.39168 0.92004 0.2318 0.89403 -0.38338
4112.3 -173.6 735.15 -77.111 -0.97299 0.21619 -0.08094 0.010069 0.39003 0.92075 0.23063 0.89506 -0.38167
4122.3 -173.63 734.97 -77.087 -0.9734 0.21417 -0.081423 0.00856 0.38911 0.92115 0.22897 0.89595 -0.38059
4132.3 -173.67 734.75 -77.072 -0.97383 0.21199 -0.081933 0.006962 0.38817 0.92156 0.22716 0.89688 -0.37949
4142.3 -173.73 734.64 -77.056 -0.97422 0.2103 -0.081688 0.006226 0.387 0.92206 0.22552 0.89778 -0.37833
4152.3 -173.84 734.56 -77.053 -0.9745 0.20883 -0.082023 0.005066 0.38597 0.9225 0.22431 0.89856 -0.37718
4162.3 -173.91 734.47 -77.035 -0.97483 0.20793 -0.08048 0.005931 0.38501 0.92289 0.22289 0.89918 -0.37655
4172.3 -173.99 734.41 -77.043 -0.97503 0.20701 -0.080415 0.005397 0.38408 0.92328 0.22201 0.89979 -0.37561
4182.3 -174.01 734.28 -77.007 -0.97521 0.20651 -0.079506 0.00603 0.38396 0.92333 0.2212 0.89996 -0.37568
4192.3 -174.05 734.55 -77.067 -0.97528 0.20647 -0.078766 0.006372 0.38256 0.92391 0.22089 0.90057 -0.37441
4202.3 -174.05 734.53 -77.062 -0.97518 0.20712 -0.078248 0.0072 0.3829 0.92376 0.22129 0.90027 -0.37489
4212.3 -173.94 734.39 -76.979 -0.97516 0.20781 -0.07668 0.009354 0.3845 0.92308 0.22131 0.89943 -0.37689
4222.3 -173.83 734.48 -76.983 -0.97497 0.20926 -0.075172 0.011379 0.38459 0.92302 0.22206 0.89906 -0.37735
4232.3 -173.85 734.66 -77 -0.9746 0.21183 -0.072667 0.014769 0.38456 0.92298 0.22346 0.89846 -0.37793
4242.3 -173.66 734.66 -76.936 -0.97424 0.21365 -0.072183 0.016383 0.38628 0.92224 0.22492 0.89729 -0.37983
4252.3 -173.92 734.09 -76.609 -0.9734 0.21626 -0.075719 0.015086 0.39022 0.9206 0.22864 0.89496 -0.38311
4262.3 -173.72 734.28 -76.653 -0.97299 0.21829 -0.075076 0.016611 0.39059 0.92041 0.23024 0.89431 -0.38367
4272.3 -173.1 735.12 -76.931 -0.97299 0.22024 -0.069215 0.022322 0.38816 0.92132 0.22978 0.89489 -0.38259
4282.3 -173.06 734.67 -76.618 -0.97229 0.22207 -0.073036 0.020499 0.39221 0.91965 0.23287 0.89267 -0.3859
4292.3 -172.78 734.8 -76.552 -0.97186 0.22488 -0.07011 0.024771 0.39355 0.91897 0.23425 0.89137 -0.38805
4302.3 -172.39 735.1 -76.556 -0.97146 0.22712 -0.068496 0.02733 0.39398 0.91871 0.23564 0.89062 -0.38894
4312.3 -171.97 735.12 -76.467 -0.97112 0.22929 -0.065931 0.031228 0.39613 0.91766 0.23653 0.88911 -0.39185
4322.3 -171.63 735.54 -76.5 -0.97074 0.2318 -0.062635 0.035094 0.39503 0.918 0.23753 0.88894 -0.3916
4332.3 -171.16 736.61 -76.799 -0.97084 0.23273 -0.057463 0.03936 0.39121 0.91946 0.23647 0.89039 -0.38896
4342.3 -170.39 736.94 -76.8 -0.97143 0.23082 -0.055168 0.040592 0.39064 0.91965 0.23382 0.89114 -0.38885
4352.3 -169.46 737.73 -76.813 -0.97234 0.2273 -0.053703 0.039693 0.38741 0.92105 0.23016 0.89345 -0.38572
4362.3 -168.43 738.17 -76.799 -0.97352 0.22239 -0.052951 0.037938 0.38557 0.9219 0.22544 0.89548 -0.3838
4372.3 -167.28 738.55 -76.765 -0.97488 0.2165 -0.052334 0.035856 0.38444 0.92246 0.21983 0.89741 -0.38254
4382.3 -166.22 739.08 -76.74 -0.97606 0.21127 -0.051737 0.03395 0.38291 0.92316 0.21485 0.8993 -0.38092
4392.3 -165.25 739.6 -76.724 -0.97704 0.20689 -0.050946 0.032666 0.38173 0.9237 0.21055 0.90082 -0.37973
4402.3 -164.51 740.03 -76.717 -0.97754 0.20465 -0.050345 0.032211 0.38116 0.92395 0.20827 0.90157 -0.3792
4412.3 -163.59 739.56 -76.337 -0.97791 0.20156 -0.05534 0.027317 0.38574 0.9222 0.20722 0.90032 -0.38273
4422.3 -163.57 740.41 -76.549 -0.97719 0.20607 -0.051313 0.032719 0.38485 0.9224 0.20982 0.89968 -0.38281
4432.3 -163.22 740.62 -76.539 -0.97666 0.20847 -0.051741 0.033904 0.3875 0.92125 0.2121 0.89799 -0.38552
4442.3 -162.75 740.57 -76.534 -0.97594 0.21288 -0.047078 0.040737 0.39019 0.91983 0.21418 0.89579 -0.38947
4452.3 -162.59 740.77 -76.505 -0.97512 0.21716 -0.044511 0.045452 0.39239 0.91868 0.21697 0.8938 -0.3925
4462.3 -162.37 741.03 -76.53 -0.97439 0.22089 -0.042052 0.049646 0.39374 0.91788 0.21931 0.89229 -0.39463
4472.3 -162.18 741.2 -76.51 -0.97369 0.22439 -0.039636 0.053841 0.39558 0.91685 0.22141 0.8906 -0.39725
4482.3 -162.08 741.67 -76.54 -0.97305 0.22747 -0.037819 0.056872 0.39568 0.91663 0.22347 0.88977 -0.39795
4492.3 -161.8 741.79 -76.501 -0.97279 0.22857 -0.037826 0.057773 0.39744 0.91581 0.22436 0.8887 -0.39984
4502.3 -161.63 742.42 -76.465 -0.97262 0.22945 -0.036833 0.058721 0.39602 0.91636 0.22485 0.88911 -0.39865
4512.3 -161.37 743.15 -76.409 -0.97284 0.22867 -0.036051 0.058301 0.39273 0.9178 0.22403 0.89077 -0.3954
4522.3 -160.83 744.07 -76.349 -0.97366 0.22502 -0.03667 0.055184 0.38866 0.91973 0.22121 0.89348 -0.39084
4532.3 -160.19 745.01 -76.307 -0.97491 0.21967 -0.036135 0.052126 0.38305 0.92226 0.21643 0.89723 -0.38489
4542.3 -159.32 746.2 -76.323 -0.97668 0.21189 -0.034647 0.048578 0.37528 0.92564 0.20913 0.90237 -0.37682
4552.3 -158.26 747.28 -76.265 -0.97882 0.20205 -0.033084 0.044717 0.36867 0.92849 0.1998 0.90734 -0.36989
4562.3 -157.19 748.24 -76.246 -0.98097 0.19156 -0.031601 0.040899 0.36301 0.93089 0.18979 0.91188 -0.36394
4572.3 -151.12 765.1 -76.728 -0.98565 0.14 -0.09431 -0.048073 0.30276 0.95186 0.16181 0.94273 -0.29168
4582.3 -151.18 766.07 -76.823 -0.98537 0.13818 -0.099719 -0.053842 0.30274 0.95155 0.16168 0.943 -0.29087
4592.3 -157.75 749.9 -76.41 -0.98128 0.18932 -0.035448 0.036973 0.36575 0.92998 0.18903 0.91125 -0.3659
4602.3 -157.77 750.15 -76.496 -0.98128 0.18911 -0.036347 0.036729 0.36907 0.92867 0.18904 0.90996 -0.36911
4612.3 -157.93 750.58 -76.456 -0.98109 0.19054 -0.034024 0.039978 0.37148 0.92758 0.18938 0.90868 -0.37208
4622.3 -157.95 751.25 -76.458 -0.98095 0.19166 -0.031805 0.042488 0.37138 0.92751 0.18957 0.90848 -0.37245
4632.3 -158.14 752.17 -76.491 -0.98056 0.19404 -0.029113 0.045513 0.36926 0.92821 0.19086 0.90884 -0.37091
4642.3 -158.26 752.94 -76.374 -0.98011 0.19674 -0.025989 0.049141 0.36749 0.92873 0.19227 0.90898 -0.36985
4652.3 -158.43 754.18 -76.333 -0.97964 0.19928 -0.024517 0.050462 0.36256 0.93059 0.19433 0.91041 -0.36523
4662.3 -158.64 755.23 -76.221 -0.97922 0.20153 -0.022735 0.052241 0.35896 0.93189 0.19596 0.91134 -0.36203
4672.3 -158.66 756.25 -76.218 -0.97918 0.20156 -0.023831 0.050501 0.35567 0.93325 0.19659 0.91262 -0.35844
4682.3 -158.69 756.59 -75.95 -0.9794 0.19995 -0.028174 0.04596 0.35661 0.93312 0.19662 0.91261 -0.35845
4692.3 -158.68 757.25 -75.977 -0.97973 0.19799 -0.030378 0.043317 0.35749 0.93291 0.19557 0.91269 -0.35882
4702.3 -158.84 758.1 -76.051 -0.9799 0.1969 -0.032014 0.041571 0.35851 0.9326 0.19511 0.91252 -0.35949
4712.3 -159 758.65 -76.067 -0.98008 0.19588 -0.032901 0.041076 0.36195 0.93129 0.19433 0.91139 -0.36278
4722.3 -159.13 758.75 -75.905 -0.98028 0.1949 -0.032581 0.042443 0.36871 0.92858 0.19299 0.90888 -0.36971
4732.3 -159.46 759.55 -75.84 -0.98017 0.19566 -0.031324 0.044369 0.37079 0.92766 0.19312 0.90787 -0.37212
4742.3 -159.94 760.63 -75.837 -0.97985 0.19737 -0.030579 0.045464 0.3695 0.92812 0.19448 0.90803 -0.37103
4752.3 -160.48 761.57 -75.703 -0.97943 0.19946 -0.030625 0.046158 0.36917 0.92822 0.19645 0.9077 -0.37078
4762.3 -161.02 763.83 -75.908 -0.97881 0.20292 -0.027381 0.048817 0.36114 0.93123 0.19885 0.91017 -0.36339
4772.3 -161.79 764.97 -75.814 -0.97817 0.20577 -0.028984 0.047872 0.35887 0.93216 0.20221 0.91042 -0.36089
4782.3 -162.59 766.25 -75.8 -0.97761 0.20803 -0.031558 0.045708 0.35636 0.93323 0.20539 0.91089 -0.3579
4792.3 -163.55 766.5 -75.583 -0.97713 0.20913 -0.038492 0.040246 0.35963 0.93222 0.2088 0.90936 -0.35983
4802.3 -164.37 768.22 -75.879 -0.97651 0.21239 -0.03632 0.042924 0.35692 0.93315 0.21116 0.90967 -0.35766
4812.3 -165.24 769.06 -76.011 -0.97616 0.21381 -0.037458 0.042831 0.35889 0.9324 0.2128 0.90856 -0.35949
4822.3 -166.17 768.78 -75.906 -0.97591 0.21389 -0.043013 0.039353 0.36649 0.92959 0.2146 0.9055 -0.36608
4832.3 -167.07 769.37 -76.022 -0.97568 0.21479 -0.043766 0.03988 0.37027 0.92807 0.21554 0.90375 -0.36983
4842.3 -168.02 770.16 -76.102 -0.97548 0.21559 -0.044334 0.040338 0.37313 0.9269 0.21637 0.90238 -0.37268
4852.3 -168.81 770.65 -76.045 -0.97545 0.21542 -0.045727 0.039941 0.37727 0.92524 0.21656 0.9007 -0.37661
4862.3 -169.82 771.61 -76.037 -0.97503 0.21707 -0.046978 0.039563 0.3779 0.925 0.21854 0.90004 -0.37705
4872.3 -170.94 773.55 -76.254 -0.97417 0.22135 -0.04478 0.042294 0.3736 0.92663 0.22184 0.90079 -0.37331
4882.3 -172.26 774.81 -76.288 -0.97306 0.22562 -0.047426 0.040902 0.37139 0.92758 0.22689 0.90065 -0.37061
4892.3 -173.59 775.62 -76.223 -0.97186 0.23006 -0.050532 0.039807 0.37187 0.92743 0.23216 0.89933 -0.37056
4902.3 -175.07 776.49 -76.27 -0.97037 0.2358 -0.052719 0.04001 0.37199 0.92738 0.23829 0.89779 -0.3704
4912.3 -176.55 777.19 -76.346 -0.96901 0.24085 -0.054904 0.040475 0.37405 0.92653 0.24369 0.89559 -0.37221
4922.3 -177.92 777.78 -76.437 -0.96797 0.24452 -0.05689 0.040794 0.37679 0.9254 0.24772 0.89344 -0.3747
4932.3 -178.98 778.11 -76.443 -0.96776 0.24516 -0.0578 0.041275 0.38073 0.92376 0.24847 0.8916 -0.37857
4942.3 -179.78 778.18 -76.287 -0.9684 0.24181 -0.061126 0.038141 0.38576 0.92181 0.24648 0.89035 -0.3828
4952.3 -180.35 778.98 -76.3 -0.96928 0.23796 -0.062237 0.035828 0.38693 0.92141 0.24334 0.89088 -0.38357
4962.3 -181.17 779.86 -76.304 -0.96969 0.23608 -0.063039 0.034241 0.38672 0.92156 0.24194 0.89147 -0.38308
4972.3 -182.01 781.27 -76.412 -0.96977 0.23608 -0.061813 0.03455 0.38356 0.92287 0.24158 0.89283 -0.38012
4982.3 -183.13 782.54 -76.44 -0.96937 0.23653 -0.066093 0.029934 0.38091 0.92413 0.24376 0.89385 -0.37632
4992.3 -184.39 783.58 -76.404 -0.96861 0.23868 -0.069482 0.026994 0.37884 0.92507 0.24712 0.89415 -0.37339
5002.3 -185.65 784.62 -76.426 -0.96772 0.24103 -0.073653 0.023558 0.37747 0.92572 0.25093 0.89411 -0.37096
5012.3 -186.97 785.29 -76.377 -0.96673 0.24397 -0.076867 0.021959 0.37855 0.92532 0.25485 0.89285 -0.37132
5022.3 -188.13 785.95 -76.342 -0.96602 0.24636 -0.078187 0.022123 0.3802 0.92464 0.25752 0.89149 -0.37273
5032.3 -189.22 786.61 -76.387 -0.96544 0.24838 -0.079007 0.022643 0.3819 0.92393 0.25966 0.8902 -0.37433
5042.3 -190.09 787.05 -76.29 -0.96532 0.24892 -0.07872 0.024028 0.38495 0.92262 0.25997 0.88874 -0.37758
5052.3 -190.44 787.03 -76.129 -0.96629 0.24352 -0.083523 0.019094 0.39133 0.92005 0.25673 0.88745 -0.38279
5062.3 -190.72 787.29 -76.049 -0.96749 0.23931 -0.081818 0.020385 0.39625 0.91792 0.25208 0.88641 -0.38824
5072.3 -190.96 788.2 -76.199 -0.96863 0.2363 -0.076864 0.024382 0.39821 0.91697 0.24729 0.88633 -0.39149
5082.2 -191.16 788.72 -76.185 -0.96965 0.23198 -0.07721 0.02337 0.4023 0.91521 0.24337 0.88563 -0.39551
5092.2 -191.33 789.11 -76.189 -0.97048 0.2279 -0.078917 0.021208 0.4066 0.91336 0.24024 0.88473 -0.39943
5102.2 -191.66 790 -76.268 -0.97101 0.22585 -0.078298 0.021388 0.40833 0.91258 0.23808 0.88445 -0.40132
5112.2 -191.88 790.59 -76.303 -0.9714 0.2239 -0.079049 0.02055 0.41093 0.91143 0.23656 0.88374 -0.40378
5122.2 -191.98 791.42 -76.393 -0.97179 0.22248 -0.078196 0.020936 0.41167 0.91109 0.23489 0.88376 -0.40471
5132.2 -191.99 791.76 -76.345 -0.972 0.22147 -0.078572 0.02099 0.41485 0.90965 0.23405 0.88253 -0.40788
5142.2 -191.93 792.17 -76.365 -0.97207 0.22116 -0.078566 0.021549 0.41744 0.90845 0.23371 0.88138 -0.41054
5152.2 -191.93 792.61 -76.346 -0.97178 0.22267 -0.077816 0.023498 0.41966 0.90738 0.2347 0.87995 -0.41305
5162.2 -191.82 793.15 -76.42 -0.97144 0.22453 -0.076755 0.025632 0.42088 0.90676 0.23589 0.87889 -0.41461
5172.2 -191.71 793.38 -76.366 -0.97085 0.22753 -0.075379 0.028933 0.42342 0.90547 0.23794 0.87689 -0.41766
5182.2 -191.53 793.83 -76.392 -0.97017 0.23101 -0.073476 0.03248 0.42424 0.90497 0.24023 0.87559 -0.41909
5192.2 -191.29 794.7 -76.44 -0.96939 0.23502 -0.071079 0.035882 0.42198 0.9059 0.2429 0.87561 -0.4175
5202.2 -190.94 795.7 -76.533 -0.96858 0.2389 -0.069108 0.03815 0.41732 0.90796 0.24575 0.8768 -0.41332
5212.2 -190.66 796.9 -76.625 -0.96754 0.24376 -0.066664 0.04053 0.41006 0.91116 0.24944 0.87888 -0.40663
5222.2 -190.33 798.65 -76.672 -0.96644 0.2488 -0.064019 0.041797 0.39814 0.91637 0.25349 0.88294 -0.39518
5232.2 -189.83 800.14 -76.641 -0.9656 0.25247 -0.062237 0.041638 0.38638 0.9214 0.25667 0.88711 -0.38361
5242.2 -188.9 800.89 -76.57 -0.96573 0.25262 -0.059554 0.042675 0.38089 0.92363 0.25601 0.88944 -0.37862
5252.2 -188.06 801.87 -76.568 -0.96583 0.25308 -0.055809 0.045082 0.37613 0.92547 0.25521 0.89133 -0.37469
5262.2 -187.48 801.71 -76.245 -0.96567 0.25275 -0.05993 0.041559 0.37808 0.92484 0.25641 0.8906 -0.37561
5272.2 -186.91 802.39 -76.188 -0.96517 0.25529 -0.057296 0.04456 0.37618 0.92547 0.25781 0.89068 -0.37445
5282.2 -186.37 803.09 -76.142 -0.96463 0.25793 -0.054427 0.048082 0.37517 0.92571 0.25918 0.89035 -0.3743
5292.2 -185.81 803.81 -76.117 -0.96403 0.26077 -0.051376 0.051952 0.37446 0.92579 0.26065 0.88982 -0.37454
5302.2 -185.35 804.28 -76.02 -0.96323 0.26438 -0.047806 0.057105 0.37533 0.92513 0.26253 0.88838 -0.37663
5312.2 -184.84 805.3 -76.041 -0.96252 0.26761 -0.04411 0.06124 0.37287 0.92586 0.26422 0.88845 -0.37528
5322.2 -184.17 806.2 -76.006 -0.96212 0.26955 -0.040896 0.064537 0.37091 0.92642 0.26488 0.88869 -0.37426
5332.2 -183.51 807.3 -76.014 -0.96182 0.27133 -0.035803 0.069032 0.3671 0.92761 0.26484 0.88973 -0.37182
5342.2 -182.25 808.95 -76.218 -0.96202 0.27177 -0.025475 0.077144 0.36022 0.92967 0.26184 0.8924 -0.3675
5352.2 -181.2 810.11 -76.206 -0.96255 0.27037 -0.019834 0.080495 0.3549 0.93143 0.25887 0.89495 -0.36338
5362.2 -180.02 811.91 -76.357 -0.96357 0.26704 -0.014983 0.081342 0.34596 0.93472 0.25479 0.89945 -0.35508
5372.2 -178.61 813.02 -76.389 -0.9652 0.26128 -0.01072 0.081831 0.34072 0.9366 0.24837 0.90313 -0.35025
5382.2 -177.11 814.31 -76.546 -0.96722 0.25389 -0.005872 0.082186 0.3348 0.9387 0.24029 0.90744 -0.34469
5392.2 -175.57 815.41 -76.662 -0.96937 0.24559 -0.00348 0.08051 0.3311 0.94015 0.23205 0.91107 -0.34073
5402.2 -174.47 816.3 -76.707 -0.97059 0.24072 -0.00307 0.078675 0.32921 0.94097 0.22752 0.91305 -0.33847
5412.2 -173.81 816.94 -76.577 -0.97081 0.23984 -0.002843 0.078811 0.33016 0.94063 0.22653 0.91295 -0.33943
5422.2 -173.55 817.09 -76.276 -0.97062 0.24049 -0.007634 0.075251 0.33355 0.93973 0.22854 0.91154 -0.34185
5432.2 -172.95 817.82 -76.257 -0.97012 0.24257 -0.005694 0.077839 0.33337 0.93958 0.22981 0.91106 -0.34229
5442.2 -172.07 818.98 -76.456 -0.96925 0.24608 0.003037 0.086905 0.3307 0.93973 0.23024 0.91109 -0.34192
5452.2 -171.46 819.76 -76.448 -0.96845 0.24908 0.007352 0.091964 0.32983 0.93955 0.2316 0.91059 -0.34234
5462.2 -171.11 819.76 -76.248 -0.96797 0.25102 0.005295 0.091385 0.33259 0.93864 0.23386 0.90905 -0.34487
5472.2 -170.43 820.44 -76.295 -0.96724 0.25369 0.009619 0.096219 0.33126 0.93862 0.23494 0.9088 -0.34482
5482.2 -169.63 820.99 -76.333 -0.96675 0.25542 0.012484 0.09965 0.33131 0.93825 0.23551 0.90829 -0.34575
5492.2 -168.85 821.49 -76.359 -0.96629 0.25703 0.015114 0.10265 0.33075 0.93812 0.23612 0.90804 -0.34598
5502.2 -167.87 821.78 -76.427 -0.96618 0.25727 0.017617 0.10537 0.33149 0.93756 0.23537 0.9077 -0.34739
5512.2 -167.06 822.19 -76.457 -0.96571 0.25878 0.020997 0.10928 0.33178 0.93701 0.23551 0.90717 -0.34868
5522.2 -166.44 822.31 -76.388 -0.96499 0.26134 0.022097 0.11193 0.33415 0.93585 0.23719 0.90556 -0.35171
5532.2 -165.89 822.24 -76.327 -0.96396 0.26505 0.023237 0.11515 0.33687 0.93448 0.23986 0.90347 -0.35525
5542.2 -165.4 822.53 -76.297 -0.96277 0.26913 0.025311 0.11911 0.33832 0.93346 0.24266 0.90173 -0.35778
5552.2 -164.7 822.7 -76.307 -0.96193 0.2718 0.028471 0.12374 0.3403 0.93214 0.24367 0.90018 -0.36098
5562.2 -163.9 822.97 -76.336 -0.96122 0.27384 0.03283 0.12888 0.34073 0.93129 0.24383 0.8994 -0.36281
5572.2 -163.04 822.96 -76.301 -0.96069 0.27513 0.037052 0.13399 0.34264 0.92986 0.24313 0.89828 -0.36604
5582.2 -162.08 823.02 -76.273 -0.96044 0.27553 0.040539 0.13791 0.34405 0.92877 0.24196 0.89761 -0.36844
5592.2 -161.09 823.34 -76.305 -0.96041 0.27522 0.043128 0.14028 0.34402 0.92842 0.24069 0.89772 -0.36901
5602.2 -160.12 823.4 -76.273 -0.96062 0.27423 0.044917 0.14184 0.34488 0.92787 0.23896 0.89769 -0.3702
5612.2 -159.1 823.62 -76.244 -0.96085 0.27301 0.04734 0.14388 0.34557 0.9273 0.2368 0.8978 -0.37132
5622.2 -158 823.78 -76.201 -0.96141 0.27068 0.049306 0.14501 0.34621 0.92688 0.23382 0.89826 -0.3721
5632.2 -156.8 824.06 -76.212 -0.96209 0.26777 0.051864 0.14629 0.34613 0.92671 0.23019 0.89916 -0.37217
5642.2 -155.61 824.2 -76.183 -0.96283 0.26462 0.054117 0.14732 0.34658 0.92638 0.22638 0.89992 -0.37268
5652.2 -154.42 824.46 -76.121 -0.96339 0.26158 0.05875 0.15058 0.34664 0.92583 0.22182 0.90078 -0.37334
5662.2 -153.13 824.54 -76.096 -0.96418 0.25809 0.061189 0.15176 0.34757 0.92529 0.21754 0.90143 -0.37429
5672.2 -152 824.53 -76.032 -0.96465 0.25562 0.064102 0.154 0.34938 0.92424 0.21386 0.90144 -0.37639
5682.2 -150.92 824.67 -75.953 -0.9649 0.25394 0.066869 0.1563 0.35074 0.92334 0.21102 0.90138 -0.37812
5692.2 -149.91 824.89 -75.986 -0.96514 0.25256 0.068708 0.1577 0.35158 0.92278 0.2089 0.90144 -0.37916
5702.2 -149 825.2 -76.016 -0.96505 0.25211 0.071524 0.16026 0.35181 0.92225 0.20734 0.90148 -0.37992
5712.2 -148.09 825.5 -76.069 -0.96498 0.25172 0.073832 0.16238 0.35213 0.92176 0.20603 0.90147 -0.38067
5722.2 -147.22 825.74 -76.116 -0.9648 0.25181 0.075853 0.16447 0.35267 0.92118 0.20521 0.90123 -0.38167
5732.2 -146.28 826.09 -76.184 -0.96479 0.25129 0.077635 0.16596 0.35265 0.92092 0.20404 0.90138 -0.38194
5742.2 -145.5 826.42 -76.159 -0.96456 0.25169 0.079183 0.16761 0.35269 0.92061 0.20378 0.90125 -0.38238
5752.2 -144.72 826.89 -76.175 -0.96432 0.252 0.081193 0.16944 0.35179 0.92062 0.20343 0.90152 -0.38193
5762.2 -143.94 827.47 -76.147 -0.9641 0.25213 0.083336 0.17123 0.35038 0.92082 0.20297 0.90203 -0.38097
5772.2 -143.12 827.65 -76.04 -0.96404 0.25211 0.084085 0.17208 0.35103 0.92041 0.20253 0.90178 -0.3818
5782.2 -142.71 827.87 -75.925 -0.9632 0.25526 0.084205 0.17373 0.35217 0.91967 0.2051 0.90045 -0.38356
5792.2 -142.34 828.32 -75.922 -0.9622 0.25881 0.084728 0.17589 0.35312 0.9189 0.2079 0.89907 -0.38529
5802.2 -142.03 828.92 -75.984 -0.9611 0.26256 0.085767 0.17842 0.35311 0.91841 0.21085 0.89799 -0.38622
5812.2 -141.63 829.4 -75.984 -0.96031 0.2651 0.086751 0.18046 0.35334 0.91792 0.21269 0.89715 -0.38716
5822.2 -141.12 830.05 -76.046 -0.95979 0.26634 0.088702 0.18238 0.35142 0.91828 0.21341 0.89753 -0.38586
5832.2 -140.74 831.02 -76.062 -0.95925 0.26757 0.090829 0.18412 0.34802 0.91923 0.21434 0.89849 -0.3831
5842.2 -140.2 831.38 -75.966 -0.95937 0.26692 0.091516 0.18468 0.34875 0.91884 0.21334 0.89841 -0.38387
5852.2 -139.85 832.29 -75.997 -0.95937 0.26667 0.092224 0.18473 0.34652 0.91967 0.21329 0.89934 -0.3817
5862.2 -139.38 832.67 -75.939 -0.95985 0.26516 0.091527 0.18395 0.34867 0.91902 0.21177 0.89896 -0.38345
5872.2 -139.1 833.41 -75.929 -0.96001 0.26462 0.091421 0.18367 0.34882 0.91902 0.2113 0.89906 -0.38347
5882.2 -138.72 834.06 -75.958 -0.96059 0.26284 0.090396 0.18209 0.34937 0.91912 0.21 0.89936 -0.38346
5892.2 -138.37 834.87 -75.937 -0.96097 0.26131 0.090888 0.18191 0.34929 0.91919 0.20844 0.89984 -0.38319
5902.2 -138.02 835.94 -75.966 -0.96135 0.25939 0.092322 0.18206 0.34735 0.91989 0.20655 0.90115 -0.38115
5912.2 -137.63 836.67 -75.902 -0.96189 0.25691 0.093643 0.18238 0.34761 0.91973 0.20374 0.90175 -0.38122
5922.2 -137.18 837.63 -75.859 -0.96273 0.25352 0.094219 0.18139 0.34684 0.92022 0.20061 0.90301 -0.3799
5932.2 -136.73 838.58 -75.851 -0.9638 0.24949 0.094047 0.1795 0.34632 0.92078 0.19716 0.90433 -0.37856
5942.2 -136.28 839.35 -75.779 -0.96487 0.24545 0.093674 0.17787 0.3479 0.9205 0.19335 0.90483 -0.37934
5952.2 -135.93 840.34 -75.833 -0.96584 0.24187 0.093042 0.1758 0.34773 0.92097 0.1904 0.90586 -0.37837
5962.2 -135.6 841.27 -75.869 -0.96669 0.23866 0.092409 0.17405 0.34838 0.92105 0.18763 0.90646 -0.37831
5972.2 -135.45 842.12 -75.873 -0.96723 0.23678 0.091703 0.17293 0.34983 0.92071 0.18593 0.9064 -0.37931
5982.2 -135.42 843.15 -75.866 -0.96752 0.23585 0.090959 0.17202 0.35066 0.92057 0.18522 0.90632 -0.37984
5992.2 -135.39 844.11 -75.918 -0.96791 0.23501 0.089008 0.17009 0.35192 0.92045 0.18499 0.90605 -0.3806
6002.2 -135.5 844.91 -75.892 -0.968 0.23521 0.087482 0.16916 0.35408 0.91979 0.18537 0.90516 -0.38253
6012.2 -135.69 845.98 -75.938 -0.96794 0.23592 0.086275 0.16846 0.35488 0.91961 0.18633 0.90466 -0.38324
6022.2 -135.86 847.1 -75.972 -0.96792 0.23644 0.085047 0.16769 0.35576 0.91941 0.18713 0.90417 -0.38399
6032.2 -136 848.02 -75.974 -0.96796 0.23687 0.083344 0.16654 0.35716 0.91907 0.18793 0.90351 -0.38517
6042.2 -136.17 849.05 -75.915 -0.96793 0.23742 0.082102 0.16589 0.35862 0.91863 0.18866 0.90279 -0.3865
6052.2 -136.33 850.12 -75.917 -0.9679 0.23777 0.081462 0.1655 0.35898 0.91856 0.18917 0.90255 -0.38681
6062.2 -136.61 851.39 -75.904 -0.96763 0.23884 0.081576 0.16585 0.35808 0.91884 0.19025 0.90263 -0.3861
6072.1 -136.77 852.44 -75.817 -0.96784 0.23865 0.07957 0.164 0.3587 0.91893 0.19076 0.90243 -0.3863
6082.1 -137.08 853.45 -75.669 -0.96779 0.23926 0.078334 0.16328 0.35967 0.91868 0.19163 0.90188 -0.38715
6092.1 -137.33 854.62 -75.628 -0.96788 0.23935 0.076959 0.1619 0.35914 0.91913 0.19236 0.90207 -0.38636
6102.1 -137.59 855.69 -75.551 -0.96812 0.23902 0.074859 0.15991 0.3598 0.91922 0.19278 0.90189 -0.38655
6112.1 -137.92 856.87 -75.501 -0.9682 0.23905 0.073818 0.15884 0.35939 0.91957 0.19329 0.90205 -0.38593
6122.1 -138.07 858.06 -75.482 -0.96865 0.23755 0.072748 0.15716 0.35911 0.91997 0.19242 0.90256 -0.38518
6132.1 -138.24 859.33 -75.468 -0.96904 0.23617 0.072057 0.15569 0.3579 0.92069 0.19165 0.9034 -0.38358
6142.1 -138.71 861.14 -75.556 -0.96873 0.23667 0.074527 0.15738 0.35387 0.92196 0.19183 0.90485 -0.38005
6152.1 -138.8 862 -75.485 -0.96933 0.23473 0.072723 0.15512 0.35494 0.92193 0.1906 0.90494 -0.38046
6162.1 -139.06 863.39 -75.503 -0.96962 0.2339 0.071655 0.1535 0.35365 0.9227 0.19047 0.90566 -0.37881
6172.1 -139.39 864.77 -75.579 -0.96984 0.23374 0.069099 0.15068 0.35212 0.92374 0.19159 0.9063 -0.37672
6182.1 -139.77 865.88 -75.559 -0.9698 0.23424 0.067909 0.14976 0.35218 0.92387 0.19249 0.90615 -0.37662
6192.1 -140.2 866.97 -75.553 -0.96955 0.23563 0.066663 0.1492 0.35256 0.92382 0.19418 0.90564 -0.37698
6202.1 -140.58 867.85 -75.5 -0.96939 0.23692 0.06437 0.14779 0.35374 0.92359 0.19605 0.90484 -0.37793
6212.1 -140.92 869.09 -75.47 -0.96922 0.23796 0.06315 0.14704 0.35377 0.9237 0.19747 0.90456 -0.37787
6222.1 -141.33 870.47 -75.453 -0.9688 0.23975 0.062764 0.14701 0.35206 0.92436 0.19952 0.90475 -0.37632
6232.1 -141.55 871.65 -75.396 -0.96856 0.24075 0.062763 0.14723 0.35125 0.92463 0.20056 0.9048 -0.37565
6242.1 -141.78 872.92 -75.276 -0.96823 0.24187 0.063522 0.14803 0.34963 0.92512 0.20155 0.90513 -0.37433
6252.1 -141.82 874.25 -75.247 -0.96826 0.24156 0.064232 0.14816 0.34771 0.92582 0.20131 0.90595 -0.37246
6262.1 -141.89 875.38 -75.121 -0.96824 0.24151 0.064666 0.14838 0.34692 0.92608 0.20123 0.90627 -0.37174
6272.1 -141.91 876.67 -75.07 -0.96843 0.24066 0.064989 0.1481 0.34573 0.92657 0.20052 0.90695 -0.37045
6282.1 -141.89 877.82 -74.963 -0.96875 0.23956 0.064363 0.14703 0.34557 0.9268 0.19978 0.9073 -0.36999
6292.1 -141.9 878.8 -74.919 -0.96906 0.23844 0.063755 0.14619 0.34638 0.92663 0.19886 0.90729 -0.37052
6302.1 -141.84 880.1 -74.942 -0.96935 0.23734 0.063479 0.14535 0.3457 0.92702 0.19807 0.90783 -0.3696
6312.1 -141.75 881.35 -74.961 -0.96964 0.23609 0.063735 0.14501 0.34526 0.92724 0.19691 0.90833 -0.36901
6322.1 -141.61 882.44 -74.901 -0.96977 0.23527 0.064794 0.14587 0.34604 0.92681 0.19562 0.90824 -0.3699
6332.1 -141.39 883.28 -74.785 -0.96998 0.23422 0.065322 0.14632 0.34764 0.92614 0.19422 0.9079 -0.37147
6342.1 -141.18 884.1 -74.705 -0.97011 0.23338 0.066519 0.14781 0.35085 0.92469 0.19247 0.90689 -0.37485
6352.1 -140.94 884.37 -74.656 -0.97031 0.23291 0.065203 0.14791 0.35812 0.92189 0.19136 0.90416 -0.38193
6362.1 -140.86 884.7 -74.687 -0.97023 0.23362 0.063838 0.14843 0.36533 0.91897 0.19137 0.90109 -0.38913
6372.1 -140.86 885.32 -74.761 -0.96989 0.2354 0.062471 0.14894 0.37035 0.91687 0.1927 0.89857 -0.39426
6382.1 -140.71 885.69 -74.753 -0.96965 0.23669 0.061362 0.14973 0.37636 0.91429 0.19331 0.89573 -0.40038
6392.1 -140.62 886.17 -74.719 -0.96911 0.23908 0.06054 0.15091 0.38071 0.91229 0.19506 0.89325 -0.40503
6402.1 -140.43 886.61 -74.71 -0.96859 0.2413 0.060043 0.15227 0.38468 0.91041 0.19658 0.89096 -0.40934
6412.1 -140.2 886.84 -74.664 -0.96797 0.24393 0.059416 0.15386 0.38936 0.90814 0.19839 0.8882 -0.41442
6422.1 -140.02 887.31 -74.678 -0.96704 0.24751 0.059716 0.15638 0.39228 0.90646 0.20093 0.88592 -0.41805
6432.1 -139.81 887.64 -74.731 -0.96618 0.25103 0.05902 0.15795 0.39515 0.90494 0.20384 0.88365 -0.42144
6442.1 -139.61 888.11 -74.806 -0.96511 0.25509 0.059059 0.16017 0.39675 0.90384 0.20713 0.88177 -0.42377
6452.1 -139.34 888.17 -74.775 -0.9642 0.25874 0.057998 0.1616 0.39998 0.90216 0.21023 0.87925 -0.42747
6462.1 -139.06 888.48 -74.754 -0.9632 0.26251 0.057768 0.16341 0.40126 0.90127 0.21341 0.87754 -0.42939
6472.1 -138.66 888.91 -74.716 -0.96226 0.26595 0.057707 0.16492 0.40122 0.90101 0.21647 0.87652 -0.42994
6482.1 -138.19 889.5 -74.652 -0.96129 0.26896 0.059877 0.1679 0.39944 0.90125 0.21848 0.87642 -0.42914
6492.1 -137.26 890.21 -74.72 -0.96119 0.26856 0.063166 0.1698 0.39543 0.90266 0.21744 0.87836 -0.42568
6502.1 -136.12 891.06 -74.717 -0.96145 0.26648 0.067854 0.17182 0.38952 0.90485 0.2147 0.88162 -0.42029
6512.1 -134.13 892.7 -74.917 -0.96234 0.26058 0.077486 0.17557 0.37808 0.90897 0.20757 0.88834 -0.40959
6522.1 -132.96 893.01 -74.587 -0.96413 0.25412 0.076606 0.17092 0.37366 0.91168 0.20305 0.89208 -0.40369
6532.1 -131.14 894.04 -74.475 -0.96615 0.24501 0.080797 0.16922 0.36543 0.91533 0.19474 0.89801 -0.39452
6542.1 -129.02 894.62 -74.22 -0.96873 0.23336 0.084341 0.16682 0.36088 0.91757 0.18368 0.90295 -0.38852
6552.1 -126.92 895.42 -74.024 -0.97112 0.22154 0.088598 0.1651 0.35588 0.91983 0.17225 0.90789 -0.38218
6562.1 -124.68 895.9 -73.836 -0.9737 0.20833 0.0922 0.16294 0.35397 0.92095 0.15923 0.91176 -0.37861
6572.1 -122.44 896.14 -73.706 -0.9761 0.19531 0.095342 0.16079 0.3538 0.9214 0.14623 0.9147 -0.37675
6582.1 -120.33 896.47 -73.687 -0.97833 0.18322 0.096464 0.15712 0.35343 0.92217 0.13487 0.91734 -0.37456
6592.1 -118.39 896.64 -73.716 -0.98011 0.17296 0.097316 0.15413 0.35449 0.92227 0.12501 0.91892 -0.3741
6602.1 -116.83 896.86 -73.741 -0.98127 0.16611 0.097536 0.15187 0.3557 0.92218 0.11849 0.91972 -0.37426
6612.1 -115.43 896.97 -73.818 -0.98213 0.16141 0.096736 0.14957 0.35762 0.92181 0.1142 0.91981 -0.37537
6622.1 -114.4 897.15 -73.962 -0.98237 0.16067 0.09554 0.1483 0.35875 0.92158 0.1138 0.9195 -0.37626
6632.1 -113.69 897.49 -74.167 -0.98203 0.16348 0.094346 0.14827 0.35882 0.92156 0.11681 0.91898 -0.37661
6642.1 -113.26 897.46 -74.245 -0.98103 0.16983 0.093513 0.15015 0.36044 0.92062 0.12265 0.91719 -0.3791
6652.1 -112.93 897.67 -74.255 -0.97972 0.17745 0.093107 0.15277 0.36067 0.9201 0.12969 0.91566 -0.38046
6662.1 -112.51 897.71 -74.176 -0.978 0.1855 0.095421 0.15818 0.36125 0.91895 0.136 0.91383 -0.38265
6672.1 -112.09 897.7 -74.03 -0.97631 0.19344 0.096945 0.16287 0.36203 0.91783 0.14244 0.91188 -0.38496
6682.1 -111.61 897.76 -73.892 -0.97476 0.20041 0.098374 0.16704 0.36235 0.91695 0.14812 0.91024 -0.38668
6692.1 -110.98 897.99 -73.86 -0.97351 0.2059 0.0994 0.17005 0.36145 0.91675 0.15283 0.90937 -0.38689
6702.1 -110.2 898 -73.806 -0.97266 0.20932 0.10063 0.17267 0.36193 0.91608 0.15534 0.9084 -0.38817
6712.1 -109.29 897.91 -73.769 -0.9722 0.21096 0.10166 0.17452 0.3632 0.91522 0.15615 0.90752 -0.38991
6722.1 -108.23 897.95 -73.888 -0.97218 0.21073 0.10227 0.175 0.36322 0.91512 0.1557 0.90756 -0.38999
6732.1 -107.03 897.93 -73.968 -0.9726 0.20882 0.10217 0.17419 0.36357 0.91514 0.15395 0.90786 -0.38998
6742.1 -106.06 897.74 -73.984 -0.97282 0.20782 0.10216 0.17391 0.36438 0.91487 0.1529 0.90777 -0.39061
6752.1 -104.81 897.23 -74.007 -0.97372 0.20488 0.099484 0.1705 0.36614 0.91481 0.151 0.90773 -0.39145
6762.1 -103.96 897.2 -74.068 -0.97392 0.20447 0.098381 0.16918 0.36542 0.91534 0.15121 0.90811 -0.39049
6772.1 -103.24 896.97 -74.092 -0.97391 0.20514 0.097011 0.16828 0.36612 0.91523 0.15223 0.90768 -0.39109
6782.1 -102.6 896.72 -74.111 -0.97392 0.2063 0.094445 0.16643 0.36663 0.91536 0.15421 0.90721 -0.3914
6792.1 -102.14 896.48 -74.097 -0.97347 0.20901 0.093087 0.16633 0.36711 0.91519 0.15711 0.90639 -0.39213
6802.1 -101.66 896.21 -74.077 -0.973 0.21156 0.092299 0.16679 0.36799 0.91475 0.15956 0.90544 -0.39334
6812.1 -101.1 895.85 -74.124 -0.97249 0.21398 0.09204 0.16776 0.36927 0.91405 0.1616 0.90435 -0.39501
6822.1 -100.7 895.52 -74.062 -0.97193 0.21605 0.093153 0.16969 0.36942 0.91364 0.16298 0.9038 -0.39571
6832.1 -100.12 895.24 -74.093 -0.97173 0.21704 0.092942 0.16998 0.36991 0.91339 0.16387 0.90336 -0.39634
6842.1 -99.547 894.65 -74.029 -0.97178 0.21735 0.091673 0.16935 0.3723 0.91253 0.16421 0.9023 -0.3986
6852.1 -98.928 894.07 -74.015 -0.97215 0.2167 0.089211 0.16711 0.37415 0.91219 0.16429 0.90169 -0.39995
6862.1 -98.355 893.83 -74.029 -0.97253 0.21593 0.086899 0.16474 0.37482 0.91234 0.16443 0.9016 -0.4001
6872.1 -97.695 893.39 -74.008 -0.97313 0.21433 0.084184 0.16174 0.376 0.91239 0.1639 0.90149 -0.40056
6882.1 -97.03 893.15 -74.025 -0.97362 0.21254 0.082977 0.15991 0.37626 0.91261 0.16274 0.90181 -0.40032
6892.1 -96.158 892.77 -73.999 -0.97448 0.20927 0.081222 0.15705 0.37702 0.91279 0.1604 0.90225 -0.40027
6902.1 -95.231 892.44 -74.003 -0.97532 0.20554 0.08066 0.15498 0.37704 0.91314 0.15728 0.9031 -0.39959
6912.1 -94.297 892.21 -74.021 -0.97632 0.20138 0.079096 0.15175 0.37681 0.91378 0.15421 0.90414 -0.39845
6922.1 -93.321 891.65 -73.956 -0.97755 0.19647 0.0761 0.14725 0.37878 0.9137 0.15069 0.90439 -0.3992
6932.1 -92.505 891.44 -73.999 -0.97851 0.19261 0.07362 0.1434 0.37906 0.91419 0.14818 0.9051 -0.39854
6942.1 -91.622 890.91 -73.971 -0.97958 0.1885 0.069966 0.13869 0.38149 0.91391 0.14558 0.90495 -0.39985
6952.1 -90.863 890.49 -74.005 -0.98044 0.18522 0.066546 0.13444 0.38333 0.91378 0.14374 0.90485 -0.40073
6962.1 -90.057 890.15 -74.037 -0.98119 0.18256 0.062739 0.13011 0.38533 0.91356 0.14261 0.90454 -0.40184
6972.1 -89.314 889.93 -74.082 -0.98164 0.18105 0.059959 0.12706 0.38633 0.91357 0.14224 0.90442 -0.40224
6982.1 -88.68 889.74 -74.17 -0.98169 0.18126 0.058462 0.12578 0.38653 0.91366 0.14302 0.90429 -0.40226
6992.1 -87.998 889.43 -74.189 -0.98172 0.18193 0.055962 0.12399 0.38817 0.91321 0.14442 0.90345 -0.40363
7002.1 -87.466 889.22 -74.155 -0.98139 0.18443 0.053568 0.12307 0.38984 0.91262 0.14743 0.90223 -0.40528
7012.1 -87.095 889.19 -74.19 -0.98073 0.18836 0.05195 0.12325 0.39003 0.91251 0.15162 0.90133 -0.40573
7022.1 -86.624 888.79 -74.035 -0.98012 0.19238 0.048477 0.12222 0.39304 0.91136 0.15628 0.89917 -0.40874
7032.1 -86.047 888.67 -73.971 -0.97954 0.19591 0.046171 0.12192 0.39498 0.91056 0.16015 0.89756 -0.41078
7042.1 -85.561 888.54 -73.808 -0.97877 0.19981 0.04568 0.12362 0.39772 0.90914 0.16349 0.89549 -0.41398
7052.1 -84.816 888.22 -73.744 -0.9785 0.20124 0.045193 0.12438 0.40094 0.90762 0.16453 0.89373 -0.41735
7062.1 -83.868 888.22 -73.785 -0.97861 0.20087 0.044328 0.12374 0.40268 0.90694 0.16433 0.89303 -0.41892
7072 -82.512 888.45 -73.976 -0.97874 0.19935 0.048235 0.12682 0.40336 0.90621 0.1612 0.89307 -0.42006
7082 -81.69 887.98 -73.829 -0.97974 0.19592 0.04157 0.11976 0.40672 0.90567 0.16053 0.8923 -0.42194
7092 -80.695 888.22 -73.887 -0.98028 0.19367 0.039186 0.11655 0.40662 0.90613 0.15956 0.89284 -0.42117
7102 -79.733 888.32 -73.885 -0.98069 0.19223 0.036048 0.11299 0.40643 0.90667 0.15963 0.89323 -0.4203
7112 -78.954 888.52 -73.801 -0.98072 0.19262 0.0329 0.11023 0.40632 0.90706 0.16135 0.8932 -0.41972
7122 -78.075 888.86 -73.818 -0.98084 0.19231 0.031005 0.10802 0.40452 0.90813 0.1621 0.89408 -0.41754
7132 -77.117 889.09 -73.801 -0.98092 0.19221 0.029144 0.10606 0.40344 0.90884 0.16293 0.89459 -0.41613
7142 -76.259 889.39 -73.818 -0.98084 0.19269 0.028695 0.10555 0.40183 0.90961 0.16374 0.89521 -0.41447
7152 -75.306 889.85 -73.921 -0.98099 0.19221 0.026892 0.10322 0.39937 0.91096 0.16435 0.89641 -0.41162
7162 -74.709 890.76 -74.105 -0.98069 0.19409 0.024111 0.10068 0.39528 0.91303 0.16767 0.89782 -0.40719
7172 -73.972 890.98 -74.073 -0.98053 0.19538 0.019702 0.097335 0.39643 0.91289 0.17055 0.89703 -0.40773
7182 -73.581 891.11 -73.955 -0.97979 0.19942 0.015743 0.09594 0.3994 0.91174 0.17553 0.89482 -0.41046
7192 -73.181 891.37 -73.923 -0.97885 0.20416 0.012761 0.095706 0.40194 0.91065 0.18079 0.89262 -0.41298
7202 -72.734 891.72 -73.875 -0.97794 0.20865 0.010469 0.09598 0.40422 0.90961 0.18556 0.89055 -0.41533
7212 -72.192 892.39 -73.876 -0.97711 0.21251 0.009405 0.096575 0.40379 0.90974 0.18953 0.88983 -0.41507
7222 -71.545 893.41 -73.909 -0.97653 0.21514 0.010073 0.097722 0.40092 0.91088 0.19193 0.89049 -0.41254
7232 -70.668 894.52 -73.929 -0.97652 0.21519 0.009684 0.096589 0.39724 0.91262 0.19254 0.89213 -0.4087
7242 -69.642 895.56 -73.885 -0.977 0.21301 0.009663 0.094904 0.39383 0.91427 0.19094 0.89416 -0.40498
7252 -68.383 896.74 -73.888 -0.97812 0.2079 0.007733 0.090128 0.38994 0.91642 0.18751 0.89706 -0.40015
7262 -67.244 897.91 -73.886 -0.97926 0.20252 0.005767 0.085368 0.38664 0.91827 0.18373 0.89972 -0.39591
7272 -65.929 899.02 -73.898 -0.98076 0.19522 0.002445 0.078908 0.38492 0.91957 0.17858 0.90207 -0.39291
7282 -64.665 899.72 -73.882 -0.98211 0.1883 -0.001504 0.07254 0.38568 0.91978 0.17378 0.90321 -0.39244
7292 -63.803 900.77 -73.925 -0.98282 0.18451 -0.004141 0.068533 0.3857 0.92007 0.17136 0.90399 -0.39172
7302 -63.082 901.36 -73.86 -0.98322 0.18227 -0.00771 0.064891 0.38892 0.91898 0.1705 0.90306 -0.39422
7312 -62.709 902 -73.804 -0.98302 0.18312 -0.012023 0.061879 0.39243 0.9177 0.17276 0.90137 -0.3971
7322 -62.407 902.44 -73.665 -0.98259 0.1851 -0.015664 0.060298 0.39757 0.91559 0.17571 0.89871 -0.40181
7332 -62.153 903.2 -73.635 -0.98195 0.18816 -0.019207 0.058829 0.40036 0.91447 0.17975 0.89683 -0.40421
7342 -61.812 904.19 -73.588 -0.98139 0.191 -0.019963 0.059338 0.40045 0.91439 0.18265 0.89619 -0.40433
7352 -61.258 905.41 -73.565 -0.98108 0.19252 -0.020242 0.059146 0.39767 0.91562 0.18433 0.8971 -0.40153
7362 -60.525 906.59 -73.526 -0.98107 0.19273 -0.019046 0.059678 0.3944 0.917 0.18425 0.8985 -0.39844
7372 -59.662 907.91 -73.537 -0.98139 0.19118 -0.018154 0.058964 0.38995 0.91895 0.18276 0.90077 -0.39396
7382 -58.609 909.16 -73.575 -0.98209 0.1876 -0.017669 0.057205 0.38618 0.92065 0.17954 0.90314 -0.38999
7392 -57.564 910.17 -73.553 -0.9829 0.18322 -0.018591 0.054167 0.3841 0.9217 0.17602 0.90493 -0.38745
7402 -56.547 911.09 -73.554 -0.98378 0.17822 -0.020539 0.050161 0.38319 0.92231 0.17224 0.90631 -0.38591
7412 -55.666 912.02 -73.542 -0.9844 0.17438 -0.023274 0.045955 0.38258 0.92278 0.16982 0.90732 -0.38463
7422 -54.837 912.77 -73.518 -0.9848 0.17174 -0.025933 0.04249 0.38299 0.92278 0.16841 0.90765 -0.38446
7432 -54.183 913.75 -73.512 -0.98497 0.17059 -0.02701 0.040797 0.38175 0.92336 0.16783 0.90839 -0.38297
7442 -53.489 914.7 -73.518 -0.98504 0.17012 -0.027508 0.039976 0.38085 0.92377 0.16763 0.90885 -0.38195
7452 -52.781 915.46 -73.504 -0.98503 0.17016 -0.027477 0.039984 0.38065 0.92385 0.16766 0.90893 -0.38176
7462 -52.141 916.47 -73.523 -0.98489 0.17122 -0.025992 0.041492 0.37901 0.92446 0.16814 0.90941 -0.38039
7472 -51.353 917.37 -73.54 -0.98483 0.17172 -0.02488 0.042474 0.37761 0.92499 0.16824 0.9099 -0.37917
7482 -50.503 918.12 -73.485 -0.98479 0.17214 -0.023556 0.043717 0.37671 0.9253 0.16816 0.91019 -0.37851
7492 -49.699 918.99 -73.461 -0.98472 0.17272 -0.022186 0.04496 0.37525 0.92583 0.16824 0.91069 -0.37728
7502 -48.963 919.85 -73.44 -0.98457 0.17376 -0.020671 0.046558 0.374 0.92626 0.16868 0.91101 -0.37632
7512 -48.003 920.57 -73.454 -0.98471 0.17298 -0.020481 0.046378 0.3737 0.92639 0.1679 0.91128 -0.376
7522 -47.175 921.33 -73.508 -0.98464 0.17326 -0.021432 0.045551 0.37347 0.92652 0.16854 0.91132 -0.37562
7532 -46.225 921.98 -73.535 -0.98464 0.1732 -0.021935 0.045138 0.37393 0.92636 0.16864 0.91114 -0.37601
7542 -45.153 922.59 -73.573 -0.98469 0.17283 -0.022497 0.044568 0.37448 0.92616 0.16849 0.91098 -0.37645
7552 -44.167 923.4 -73.635 -0.98455 0.1738 -0.021171 0.045983 0.37335 0.92655 0.16894 0.91126 -0.37557
7562 -43.127 923.98 -73.638 -0.98444 0.17469 -0.018879 0.048409 0.37294 0.92659 0.1689 0.91126 -0.3756
7572 -41.998 924.59 -73.654 -0.98438 0.17531 -0.01641 0.050851 0.37227 0.92673 0.16858 0.91141 -0.37537
7582 -40.879 925.02 -73.666 -0.98433 0.17574 -0.014417 0.05286 0.37209 0.92669 0.16823 0.91141 -0.37555
